;------ BEGIN IMAGE --------
db 8 ; ancho
db 24 ; alto
db 0 , 0 , 0 , 0 , 0 , 0 , 0 , 0 
db 0 , 0 , 0 , 0 , 0 , 0 , 0 , 0 
db 0 , 0 , 1 , 15 , 15 , 8 , 0 , 0 
db 0 , 0 , 6 , 0 , 0 , 6 , 0 , 0 
db 0 , 0 , 8 , 0 , 0 , 1 , 0 , 0 
db 0 , 1 , 0 , 0 , 0 , 0 , 8 , 0 
db 0 , 2 , 0 , 0 , 0 , 0 , 4 , 0 
db 0 , 2 , 15 , 7 , 13 , 15 , 4 , 0 
db 0 , 5 , 15 , 11 , 2 , 12 , 10 , 0 
db 0 , 5 , 9 , 11 , 2 , 12 , 10 , 0 
db 0 , 5 , 9 , 11 , 2 , 12 , 10 , 0 
db 0 , 4 , 15 , 3 , 12 , 15 , 2 , 0 
db 0 , 5 , 9 , 11 , 2 , 12 , 2 , 0 
db 0 , 5 , 9 , 11 , 2 , 12 , 2 , 0 
db 0 , 5 , 15 , 11 , 2 , 12 , 2 , 0 
db 0 , 4 , 15 , 7 , 13 , 14 , 2 , 0 
db 0 , 2 , 0 , 0 , 0 , 0 , 0 , 0 
db 0 , 2 , 0 , 0 , 0 , 0 , 4 , 0 
db 0 , 1 , 0 , 0 , 0 , 0 , 8 , 0 
db 0 , 0 , 8 , 0 , 0 , 1 , 0 , 0 
db 0 , 0 , 6 , 0 , 0 , 6 , 0 , 0 
db 0 , 0 , 1 , 15 , 15 , 8 , 0 , 0 
db 0 , 0 , 0 , 0 , 0 , 0 , 0 , 0 
db 0 , 0 , 0 , 0 , 0 , 0 , 0 , 0 
;------ END IMAGE --------
;------ BEGIN IMAGE --------
db 6 ; ancho
db 37 ; alto
db 0 , 0 , 0 , 0 , 0 , 0 
db 0 , 0 , 0 , 0 , 0 , 0 
db 0 , 34 , 0 , 0 , 0 , 0 
db 17 , 34 , 0 , 0 , 0 , 0 
db 17 , 2 , 0 , 0 , 0 , 0 
db 16 , 3 , 1 , 2 , 0 , 0 
db 17 , 48 , 19 , 35 , 0 , 0 
db 1 , 33 , 51 , 49 , 2 , 1 
db 1 , 35 , 50 , 48 , 2 , 17 
db 0 , 3 , 50 , 48 , 2 , 17 
db 0 , 3 , 50 , 33 , 2 , 18 
db 0 , 1 , 3 , 33 , 33 , 50 
db 0 , 1 , 3 , 18 , 48 , 48 
db 0 , 0 , 19 , 48 , 48 , 33 
db 0 , 0 , 3 , 50 , 48 , 3 
db 0 , 0 , 3 , 50 , 33 , 2 
db 0 , 0 , 3 , 3 , 3 , 0 
db 0 , 0 , 19 , 3 , 51 , 2 
db 0 , 0 , 19 , 51 , 51 , 34 
db 0 , 0 , 17 , 51 , 51 , 34 
db 0 , 1 , 1 , 51 , 51 , 2 
db 0 , 1 , 51 , 19 , 19 , 2 
db 0 , 3 , 51 , 1 , 51 , 2 
db 0 , 3 , 2 , 0 , 19 , 0 
db 0 , 3 , 2 , 1 , 3 , 0 
db 0 , 3 , 0 , 1 , 2 , 0 
db 0 , 3 , 0 , 1 , 2 , 0 
db 0 , 3 , 0 , 1 , 2 , 0 
db 0 , 0 , 0 , 1 , 2 , 0 
db 0 , 0 , 0 , 0 , 0 , 0 
db 0 , 0 , 0 , 0 , 0 , 0 
db 0 , 0 , 0 , 0 , 0 , 0 
db 0 , 0 , 0 , 0 , 0 , 0 
db 0 , 0 , 0 , 0 , 0 , 0 
db 0 , 0 , 0 , 0 , 0 , 0 
db 0 , 0 , 0 , 0 , 0 , 0 
db 0 , 0 , 0 , 0 , 0 , 0 
;------ END IMAGE --------
;------ BEGIN IMAGE --------
db 8 ; ancho
db 12 ; alto
db 0 , 0 , 0 , 0 , 0 , 0 , 0 , 0 
db 0 , 0 , 0 , 0 , 0 , 0 , 0 , 0 
db 0 , 0 , 0 , 0 , 0 , 0 , 0 , 0 
db 0 , 0 , 0 , 0 , 0 , 0 , 0 , 0 
db 0 , 0 , 0 , 19 , 35 , 0 , 0 , 0 
db 0 , 0 , 0 , 50 , 49 , 0 , 0 , 0 
db 0 , 0 , 0 , 50 , 49 , 0 , 0 , 0 
db 0 , 0 , 0 , 19 , 35 , 0 , 0 , 0 
db 0 , 0 , 0 , 0 , 0 , 0 , 0 , 0 
db 0 , 0 , 0 , 0 , 0 , 0 , 0 , 0 
db 0 , 0 , 0 , 0 , 0 , 0 , 0 , 0 
db 0 , 0 , 0 , 0 , 0 , 0 , 0 , 0 
;------ END IMAGE --------
;------ BEGIN IMAGE --------
db 8 ; ancho
db 24 ; alto
db 0 , 0 , 0 , 0 , 0 , 0 , 0 , 0 
db 0 , 0 , 0 , 0 , 0 , 0 , 0 , 0 
db 0 , 0 , 1 , 15 , 15 , 8 , 0 , 0 
db 0 , 0 , 7 , 5 , 5 , 6 , 0 , 0 
db 0 , 0 , 10 , 10 , 10 , 11 , 0 , 0 
db 0 , 1 , 5 , 5 , 5 , 5 , 8 , 0 
db 0 , 2 , 0 , 0 , 0 , 0 , 4 , 0 
db 0 , 2 , 15 , 7 , 13 , 15 , 4 , 0 
db 0 , 5 , 15 , 11 , 2 , 12 , 10 , 0 
db 0 , 5 , 9 , 11 , 2 , 12 , 10 , 0 
db 0 , 5 , 9 , 11 , 2 , 12 , 10 , 0 
db 0 , 4 , 15 , 3 , 12 , 15 , 2 , 0 
db 0 , 5 , 9 , 11 , 2 , 12 , 6 , 0 
db 0 , 5 , 9 , 11 , 2 , 12 , 10 , 0 
db 0 , 5 , 15 , 11 , 2 , 12 , 6 , 0 
db 0 , 4 , 15 , 7 , 13 , 14 , 10 , 0 
db 0 , 2 , 0 , 0 , 0 , 1 , 4 , 0 
db 0 , 2 , 10 , 10 , 10 , 10 , 12 , 0 
db 0 , 1 , 5 , 5 , 5 , 5 , 8 , 0 
db 0 , 0 , 10 , 10 , 10 , 11 , 0 , 0 
db 0 , 0 , 7 , 5 , 5 , 6 , 0 , 0 
db 0 , 0 , 1 , 15 , 15 , 8 , 0 , 0 
db 0 , 0 , 0 , 0 , 0 , 0 , 0 , 0 
db 0 , 0 , 0 , 0 , 0 , 0 , 0 , 0 
;------ END IMAGE --------
;------ BEGIN IMAGE --------
db 10 ; ancho
db 28 ; alto
db 0 , 0 , 0 , 0 , 0 , 0 , 0 , 0 , 0 , 0 
db 0 , 0 , 0 , 0 , 0 , 0 , 0 , 0 , 0 , 0 
db 0 , 0 , 0 , 0 , 0 , 0 , 0 , 0 , 0 , 0 
db 0 , 0 , 0 , 0 , 0 , 0 , 0 , 0 , 0 , 0 
db 0 , 0 , 0 , 0 , 3 , 3 , 0 , 0 , 0 , 0 
db 0 , 0 , 0 , 1 , 49 , 33 , 2 , 0 , 0 , 0 
db 0 , 0 , 0 , 18 , 50 , 51 , 35 , 0 , 0 , 0 
db 0 , 0 , 1 , 49 , 49 , 35 , 19 , 2 , 0 , 0 
db 0 , 0 , 1 , 50 , 51 , 51 , 3 , 2 , 0 , 0 
db 0 , 0 , 19 , 49 , 51 , 51 , 35 , 35 , 0 , 0 
db 0 , 0 , 18 , 50 , 51 , 51 , 51 , 35 , 0 , 0 
db 0 , 0 , 19 , 49 , 51 , 51 , 51 , 35 , 0 , 0 
db 0 , 0 , 18 , 51 , 51 , 51 , 51 , 35 , 0 , 0 
db 0 , 0 , 19 , 49 , 51 , 51 , 51 , 35 , 0 , 0 
db 0 , 0 , 18 , 51 , 51 , 51 , 35 , 35 , 0 , 0 
db 0 , 0 , 19 , 49 , 51 , 51 , 51 , 35 , 0 , 0 
db 0 , 0 , 18 , 19 , 51 , 51 , 35 , 35 , 0 , 0 
db 0 , 0 , 3 , 33 , 51 , 51 , 35 , 35 , 0 , 0 
db 0 , 0 , 18 , 18 , 51 , 51 , 35 , 35 , 0 , 0 
db 0 , 0 , 1 , 33 , 49 , 51 , 19 , 2 , 0 , 0 
db 0 , 0 , 1 , 18 , 18 , 35 , 51 , 2 , 0 , 0 
db 0 , 0 , 0 , 3 , 49 , 51 , 35 , 0 , 0 , 0 
db 0 , 0 , 0 , 1 , 19 , 35 , 2 , 0 , 0 , 0 
db 0 , 0 , 0 , 0 , 3 , 3 , 0 , 0 , 0 , 0 
db 0 , 0 , 0 , 0 , 0 , 0 , 0 , 0 , 0 , 0 
db 0 , 0 , 0 , 0 , 0 , 0 , 0 , 0 , 0 , 0 
db 0 , 0 , 0 , 0 , 0 , 0 , 0 , 0 , 0 , 0 
db 0 , 0 , 0 , 0 , 0 , 0 , 0 , 0 , 0 , 0 
;------ END IMAGE --------
;------ BEGIN IMAGE --------
db 10 ; ancho
db 28 ; alto
db 0 , 0 , 0 , 0 , 0 , 0 , 0 , 0 , 0 , 0 
db 0 , 0 , 0 , 0 , 0 , 0 , 0 , 0 , 0 , 0 
db 0 , 0 , 0 , 0 , 0 , 0 , 0 , 0 , 0 , 0 
db 0 , 0 , 0 , 0 , 0 , 0 , 0 , 0 , 0 , 0 
db 0 , 0 , 16 , 0 , 3 , 3 , 0 , 32 , 0 , 0 
db 0 , 0 , 16 , 33 , 51 , 51 , 18 , 32 , 0 , 0 
db 0 , 0 , 16 , 19 , 51 , 51 , 35 , 32 , 0 , 0 
db 0 , 0 , 1 , 51 , 51 , 51 , 51 , 2 , 0 , 0 
db 0 , 0 , 1 , 48 , 51 , 51 , 48 , 2 , 0 , 0 
db 0 , 0 , 3 , 3 , 49 , 50 , 3 , 35 , 0 , 0 
db 0 , 0 , 19 , 3 , 19 , 35 , 3 , 35 , 0 , 0 
db 0 , 0 , 19 , 3 , 19 , 35 , 19 , 35 , 0 , 0 
db 0 , 0 , 19 , 35 , 19 , 35 , 19 , 35 , 0 , 0 
db 0 , 0 , 19 , 51 , 51 , 51 , 51 , 35 , 0 , 0 
db 0 , 0 , 19 , 51 , 51 , 51 , 51 , 35 , 0 , 0 
db 0 , 0 , 19 , 49 , 51 , 51 , 33 , 35 , 0 , 0 
db 0 , 0 , 19 , 3 , 33 , 33 , 3 , 35 , 0 , 0 
db 0 , 0 , 19 , 3 , 3 , 3 , 18 , 35 , 0 , 0 
db 0 , 0 , 19 , 33 , 3 , 3 , 19 , 35 , 0 , 0 
db 0 , 0 , 1 , 35 , 3 , 33 , 49 , 2 , 0 , 0 
db 0 , 0 , 1 , 19 , 49 , 51 , 51 , 2 , 0 , 0 
db 0 , 0 , 0 , 3 , 51 , 51 , 35 , 0 , 0 , 0 
db 0 , 0 , 0 , 1 , 19 , 35 , 2 , 0 , 0 , 0 
db 0 , 0 , 0 , 0 , 3 , 3 , 0 , 0 , 0 , 0 
db 0 , 0 , 0 , 0 , 0 , 0 , 0 , 0 , 0 , 0 
db 0 , 0 , 0 , 0 , 0 , 0 , 0 , 0 , 0 , 0 
db 0 , 0 , 0 , 0 , 0 , 0 , 0 , 0 , 0 , 0 
db 0 , 0 , 0 , 0 , 0 , 0 , 0 , 0 , 0 , 0 
;------ END IMAGE --------
;------ BEGIN IMAGE --------
db 10 ; ancho
db 28 ; alto
db 0 , 0 , 0 , 0 , 0 , 0 , 0 , 0 , 0 , 0 
db 0 , 0 , 0 , 0 , 0 , 0 , 0 , 0 , 0 , 0 
db 0 , 0 , 0 , 0 , 0 , 0 , 0 , 0 , 0 , 0 
db 0 , 0 , 0 , 0 , 0 , 0 , 0 , 0 , 0 , 0 
db 0 , 0 , 16 , 0 , 3 , 3 , 0 , 32 , 0 , 0 
db 0 , 0 , 16 , 33 , 51 , 51 , 18 , 32 , 0 , 0 
db 0 , 0 , 16 , 19 , 51 , 51 , 35 , 32 , 0 , 0 
db 0 , 0 , 1 , 51 , 51 , 51 , 51 , 2 , 0 , 0 
db 0 , 0 , 1 , 48 , 51 , 51 , 48 , 2 , 0 , 0 
db 0 , 0 , 3 , 3 , 49 , 50 , 3 , 35 , 0 , 0 
db 0 , 0 , 19 , 3 , 19 , 35 , 3 , 35 , 0 , 0 
db 0 , 0 , 19 , 3 , 19 , 35 , 19 , 35 , 0 , 0 
db 0 , 0 , 19 , 35 , 19 , 35 , 19 , 35 , 0 , 0 
db 0 , 0 , 19 , 51 , 51 , 51 , 51 , 35 , 0 , 0 
db 0 , 0 , 19 , 51 , 51 , 51 , 51 , 35 , 0 , 0 
db 0 , 0 , 19 , 49 , 51 , 51 , 33 , 35 , 0 , 0 
db 0 , 0 , 19 , 3 , 33 , 33 , 3 , 35 , 0 , 0 
db 0 , 0 , 19 , 3 , 3 , 3 , 18 , 35 , 0 , 0 
db 0 , 0 , 19 , 33 , 3 , 3 , 19 , 35 , 0 , 0 
db 0 , 0 , 1 , 35 , 3 , 33 , 49 , 2 , 0 , 0 
db 0 , 0 , 1 , 19 , 49 , 51 , 51 , 2 , 0 , 0 
db 0 , 0 , 0 , 3 , 51 , 51 , 35 , 0 , 0 , 0 
db 0 , 0 , 0 , 1 , 19 , 35 , 2 , 0 , 0 , 0 
db 0 , 0 , 0 , 0 , 3 , 3 , 0 , 0 , 0 , 0 
db 0 , 0 , 0 , 0 , 0 , 0 , 0 , 0 , 0 , 0 
db 0 , 0 , 0 , 0 , 0 , 0 , 0 , 0 , 0 , 0 
db 0 , 0 , 0 , 0 , 0 , 0 , 0 , 0 , 0 , 0 
db 0 , 0 , 0 , 0 , 0 , 0 , 0 , 0 , 0 , 0 
;------ END IMAGE --------
;------ BEGIN IMAGE --------
db 8 ; ancho
db 14 ; alto
db 0 , 0 , 0 , 0 , 0 , 0 , 0 , 0 
db 0 , 0 , 0 , 0 , 0 , 0 , 0 , 0 
db 0 , 3 , 0 , 0 , 0 , 0 , 3 , 0 
db 0 , 1 , 2 , 0 , 0 , 1 , 2 , 0 
db 0 , 1 , 3 , 0 , 0 , 3 , 2 , 0 
db 0 , 0 , 3 , 2 , 1 , 3 , 0 , 0 
db 0 , 0 , 1 , 33 , 18 , 3 , 0 , 0 
db 0 , 0 , 1 , 3 , 3 , 2 , 0 , 0 
db 0 , 0 , 0 , 3 , 3 , 0 , 0 , 0 
db 0 , 0 , 1 , 1 , 2 , 2 , 0 , 0 
db 0 , 0 , 0 , 0 , 0 , 0 , 0 , 0 
db 0 , 0 , 0 , 0 , 0 , 0 , 0 , 0 
db 0 , 0 , 0 , 0 , 0 , 0 , 0 , 0 
db 0 , 0 , 0 , 0 , 0 , 0 , 0 , 0 
;------ END IMAGE --------
;------ BEGIN IMAGE --------
db 8 ; ancho
db 14 ; alto
db 0 , 0 , 0 , 0 , 0 , 0 , 0 , 0 
db 0 , 0 , 0 , 0 , 0 , 0 , 0 , 0 
db 0 , 0 , 0 , 0 , 0 , 0 , 0 , 0 
db 0 , 0 , 2 , 0 , 0 , 1 , 0 , 0 
db 0 , 1 , 3 , 1 , 2 , 3 , 2 , 0 
db 0 , 1 , 3 , 3 , 3 , 3 , 2 , 0 
db 0 , 3 , 1 , 33 , 18 , 2 , 3 , 0 
db 0 , 2 , 1 , 3 , 3 , 2 , 1 , 0 
db 0 , 0 , 0 , 3 , 3 , 0 , 0 , 0 
db 0 , 0 , 1 , 1 , 2 , 2 , 0 , 0 
db 0 , 0 , 0 , 0 , 0 , 0 , 0 , 0 
db 0 , 0 , 0 , 0 , 0 , 0 , 0 , 0 
db 0 , 0 , 0 , 0 , 0 , 0 , 0 , 0 
db 0 , 0 , 0 , 0 , 0 , 0 , 0 , 0 
;------ END IMAGE --------
;------ BEGIN IMAGE --------
db 8 ; ancho
db 14 ; alto
db 0 , 0 , 0 , 0 , 0 , 0 , 0 , 0 
db 0 , 0 , 0 , 0 , 0 , 0 , 0 , 0 
db 0 , 195 , 0 , 0 , 0 , 0 , 195 , 0 
db 0 , 65 , 130 , 0 , 0 , 65 , 130 , 0 
db 0 , 65 , 195 , 0 , 0 , 195 , 130 , 0 
db 0 , 0 , 67 , 65 , 130 , 131 , 0 , 0 
db 0 , 0 , 65 , 97 , 146 , 130 , 0 , 0 
db 0 , 0 , 65 , 195 , 195 , 130 , 0 , 0 
db 0 , 0 , 0 , 195 , 195 , 0 , 0 , 0 
db 0 , 0 , 65 , 65 , 130 , 130 , 0 , 0 
db 0 , 0 , 0 , 0 , 0 , 0 , 0 , 0 
db 0 , 0 , 0 , 0 , 0 , 0 , 0 , 0 
db 0 , 0 , 0 , 0 , 0 , 0 , 0 , 0 
db 0 , 0 , 0 , 0 , 0 , 0 , 0 , 0 
;------ END IMAGE --------
;------ BEGIN IMAGE --------
db 8 ; ancho
db 14 ; alto
db 0 , 0 , 0 , 0 , 0 , 0 , 0 , 0 
db 0 , 0 , 0 , 0 , 0 , 0 , 0 , 0 
db 0 , 0 , 0 , 0 , 0 , 0 , 0 , 0 
db 0 , 0 , 130 , 0 , 0 , 65 , 0 , 0 
db 0 , 65 , 195 , 0 , 0 , 195 , 130 , 0 
db 0 , 195 , 67 , 65 , 130 , 131 , 195 , 0 
db 0 , 130 , 65 , 97 , 146 , 130 , 65 , 0 
db 0 , 0 , 65 , 195 , 195 , 130 , 0 , 0 
db 0 , 0 , 0 , 195 , 195 , 0 , 0 , 0 
db 0 , 0 , 65 , 65 , 130 , 130 , 0 , 0 
db 0 , 0 , 0 , 0 , 0 , 0 , 0 , 0 
db 0 , 0 , 0 , 0 , 0 , 0 , 0 , 0 
db 0 , 0 , 0 , 0 , 0 , 0 , 0 , 0 
db 0 , 0 , 0 , 0 , 0 , 0 , 0 , 0 
;------ END IMAGE --------
;------ BEGIN IMAGE --------
db 16 ; ancho
db 21 ; alto
db 0 , 0 , 0 , 0 , 0 , 0 , 0 , 0 , 0 , 0 , 0 , 0 , 0 , 0 , 0 , 0 
db 0 , 0 , 0 , 0 , 0 , 0 , 0 , 0 , 0 , 0 , 0 , 0 , 0 , 0 , 0 , 0 
db 0 , 0 , 0 , 0 , 0 , 0 , 0 , 0 , 0 , 0 , 0 , 0 , 0 , 0 , 0 , 0 
db 0 , 0 , 0 , 0 , 0 , 0 , 18 , 48 , 48 , 33 , 0 , 0 , 0 , 0 , 0 , 0 
db 0 , 0 , 0 , 0 , 3 , 3 , 33 , 3 , 3 , 18 , 3 , 3 , 0 , 0 , 0 , 0 
db 0 , 0 , 0 , 3 , 48 , 48 , 3 , 3 , 3 , 3 , 48 , 48 , 3 , 0 , 0 , 0 
db 0 , 0 , 1 , 48 , 60 , 56 , 3 , 3 , 3 , 3 , 52 , 60 , 48 , 2 , 0 , 0 
db 0 , 0 , 18 , 60 , 60 , 60 , 33 , 3 , 3 , 18 , 60 , 60 , 60 , 33 , 0 , 0 
db 0 , 0 , 52 , 60 , 60 , 60 , 56 , 33 , 18 , 52 , 60 , 60 , 60 , 56 , 0 , 0 
db 0 , 0 , 52 , 60 , 22 , 60 , 60 , 56 , 52 , 60 , 60 , 41 , 60 , 56 , 0 , 0 
db 0 , 0 , 18 , 60 , 22 , 41 , 60 , 60 , 60 , 60 , 22 , 41 , 60 , 33 , 0 , 0 
db 0 , 0 , 1 , 52 , 60 , 41 , 60 , 22 , 41 , 60 , 22 , 60 , 56 , 2 , 0 , 0 
db 0 , 0 , 0 , 18 , 48 , 60 , 60 , 22 , 41 , 60 , 60 , 48 , 33 , 0 , 0 , 0 
db 0 , 0 , 0 , 1 , 3 , 48 , 48 , 60 , 60 , 48 , 48 , 3 , 2 , 0 , 0 , 0 
db 0 , 0 , 0 , 0 , 0 , 3 , 3 , 48 , 48 , 3 , 3 , 0 , 0 , 0 , 0 , 0 
db 0 , 0 , 0 , 0 , 0 , 0 , 0 , 3 , 3 , 0 , 0 , 0 , 0 , 0 , 0 , 0 
db 0 , 0 , 0 , 0 , 0 , 0 , 0 , 0 , 0 , 0 , 0 , 0 , 0 , 0 , 0 , 0 
db 0 , 0 , 0 , 0 , 0 , 0 , 0 , 0 , 0 , 0 , 0 , 0 , 0 , 0 , 0 , 0 
db 0 , 0 , 0 , 0 , 0 , 0 , 0 , 0 , 0 , 0 , 0 , 0 , 0 , 0 , 0 , 0 
db 0 , 0 , 0 , 0 , 0 , 0 , 0 , 0 , 0 , 0 , 0 , 0 , 0 , 0 , 0 , 0 
db 0 , 0 , 0 , 0 , 0 , 0 , 0 , 0 , 0 , 0 , 0 , 0 , 0 , 0 , 0 , 0 
;------ END IMAGE --------
;------ BEGIN IMAGE --------
db 10 ; ancho
db 16 ; alto
db 0 , 0 , 0 , 0 , 0 , 0 , 0 , 0 , 0 , 0 
db 0 , 0 , 0 , 0 , 0 , 0 , 0 , 0 , 0 , 0 
db 0 , 0 , 0 , 0 , 48 , 48 , 0 , 0 , 0 , 0 
db 0 , 0 , 3 , 18 , 3 , 3 , 33 , 3 , 0 , 0 
db 0 , 1 , 48 , 33 , 3 , 3 , 18 , 48 , 2 , 0 
db 0 , 18 , 56 , 3 , 3 , 3 , 3 , 52 , 33 , 0 
db 0 , 52 , 60 , 48 , 3 , 3 , 48 , 60 , 56 , 0 
db 0 , 52 , 60 , 60 , 48 , 48 , 60 , 60 , 56 , 0 
db 0 , 52 , 60 , 60 , 60 , 60 , 60 , 60 , 56 , 0 
db 0 , 18 , 60 , 60 , 60 , 60 , 60 , 60 , 33 , 0 
db 0 , 1 , 52 , 60 , 60 , 60 , 60 , 56 , 2 , 0 
db 0 , 0 , 18 , 48 , 48 , 48 , 48 , 33 , 0 , 0 
db 0 , 0 , 1 , 3 , 3 , 1 , 3 , 2 , 0 , 0 
db 0 , 0 , 0 , 0 , 0 , 0 , 0 , 0 , 0 , 0 
db 0 , 0 , 0 , 0 , 0 , 0 , 0 , 0 , 0 , 0 
db 0 , 0 , 0 , 0 , 0 , 0 , 0 , 0 , 0 , 0 
;------ END IMAGE --------
;------ BEGIN IMAGE --------
db 10 ; ancho
db 16 ; alto
db 0 , 0 , 0 , 0 , 0 , 0 , 0 , 0 , 0 , 0 
db 0 , 0 , 0 , 0 , 0 , 0 , 0 , 0 , 0 , 0 
db 0 , 0 , 0 , 0 , 48 , 48 , 0 , 0 , 0 , 0 
db 0 , 0 , 3 , 18 , 3 , 3 , 33 , 3 , 0 , 0 
db 0 , 1 , 48 , 33 , 3 , 3 , 18 , 48 , 2 , 0 
db 0 , 18 , 56 , 3 , 3 , 3 , 3 , 52 , 33 , 0 
db 0 , 52 , 60 , 48 , 3 , 3 , 48 , 60 , 56 , 0 
db 0 , 52 , 60 , 60 , 48 , 48 , 60 , 60 , 56 , 0 
db 0 , 52 , 22 , 60 , 60 , 60 , 60 , 41 , 56 , 0 
db 0 , 18 , 60 , 41 , 60 , 60 , 22 , 60 , 33 , 0 
db 0 , 1 , 52 , 60 , 60 , 60 , 60 , 56 , 2 , 0 
db 0 , 0 , 18 , 48 , 48 , 48 , 48 , 33 , 0 , 0 
db 0 , 0 , 1 , 3 , 3 , 3 , 3 , 2 , 0 , 0 
db 0 , 0 , 0 , 0 , 0 , 0 , 0 , 0 , 0 , 0 
db 0 , 0 , 0 , 0 , 0 , 0 , 0 , 0 , 0 , 0 
db 0 , 0 , 0 , 0 , 0 , 0 , 0 , 0 , 0 , 0 
;------ END IMAGE --------
;------ BEGIN IMAGE --------
db 6 ; ancho
db 10 ; alto
db 0 , 0 , 0 , 0 , 0 , 0 
db 0 , 0 , 0 , 0 , 0 , 0 
db 0 , 0 , 18 , 33 , 0 , 0 
db 0 , 1 , 33 , 18 , 2 , 0 
db 0 , 48 , 3 , 3 , 48 , 0 
db 0 , 52 , 60 , 60 , 56 , 0 
db 0 , 18 , 52 , 56 , 32 , 0 
db 0 , 1 , 18 , 32 , 0 , 0 
db 0 , 0 , 0 , 0 , 0 , 0 
db 0 , 0 , 0 , 0 , 0 , 0 
;------ END IMAGE --------
;------ BEGIN IMAGE --------
db 8 ; ancho
db 14 ; alto
db 0 , 0 , 0 , 0 , 0 , 0 , 0 , 0 
db 0 , 0 , 0 , 0 , 0 , 0 , 0 , 0 
db 0 , 0 , 0 , 0 , 0 , 0 , 0 , 0 
db 0 , 0 , 0 , 0 , 0 , 0 , 0 , 0 
db 0 , 0 , 0 , 0 , 0 , 0 , 0 , 0 
db 0 , 0 , 0 , 65 , 130 , 0 , 0 , 0 
db 0 , 0 , 67 , 97 , 146 , 131 , 0 , 0 
db 0 , 1 , 67 , 195 , 195 , 131 , 2 , 0 
db 0 , 1 , 0 , 195 , 195 , 0 , 2 , 0 
db 0 , 2 , 65 , 65 , 130 , 130 , 1 , 0 
db 0 , 2 , 0 , 0 , 0 , 0 , 1 , 0 
db 0 , 0 , 0 , 0 , 0 , 0 , 0 , 0 
db 0 , 0 , 0 , 0 , 0 , 0 , 0 , 0 
db 0 , 0 , 0 , 0 , 0 , 0 , 0 , 0 
;------ END IMAGE --------
;------ BEGIN IMAGE --------
db 8 ; ancho
db 14 ; alto
db 0 , 0 , 0 , 0 , 0 , 0 , 0 , 0 
db 0 , 0 , 0 , 0 , 0 , 0 , 0 , 0 
db 0 , 0 , 0 , 0 , 0 , 0 , 0 , 0 
db 0 , 0 , 0 , 0 , 0 , 0 , 0 , 0 
db 0 , 0 , 0 , 0 , 0 , 0 , 0 , 0 
db 0 , 0 , 0 , 65 , 130 , 0 , 0 , 0 
db 0 , 0 , 195 , 97 , 146 , 195 , 0 , 0 
db 0 , 65 , 195 , 195 , 195 , 195 , 130 , 0 
db 0 , 65 , 0 , 195 , 195 , 0 , 130 , 0 
db 0 , 130 , 65 , 65 , 130 , 130 , 65 , 0 
db 0 , 130 , 0 , 0 , 0 , 0 , 65 , 0 
db 0 , 0 , 0 , 0 , 0 , 0 , 0 , 0 
db 0 , 0 , 0 , 0 , 0 , 0 , 0 , 0 
db 0 , 0 , 0 , 0 , 0 , 0 , 0 , 0 
;------ END IMAGE --------
#;------ BEGIN IMAGE --------
db 5 ; ancho
db 5 ; alto
db 0 , 0 , 0 , 0 , 0 
db 0 , 0 , 0 , 0 , 0 
db 0 , 0 , 0 , 0 , 0 
db 0 , 0 , 192 , 128 , 0 
db 0 , 64 , 0 , 64 , 0 
;------ END IMAGE --------
;------ BEGIN IMAGE --------
db 5 ; ancho
db 5 ; alto
db 0 , 0 , 0 , 0 , 0 
db 0 , 0 , 0 , 0 , 0 
db 0 , 0 , 0 , 0 , 0 
db 0 , 0 , 3 , 2 , 0 
db 0 , 1 , 0 , 1 , 0 
;------ END IMAGE --------
;------ BEGIN IMAGE --------
db 5 ; ancho
db 11 ; alto
db 0 , 0 , 0 , 0 , 0 
db 0 , 0 , 0 , 0 , 0 
db 0 , 0 , 0 , 0 , 0 
db 0 , 0 , 0 , 0 , 0 
db 0 , 0 , 60 , 0 , 0 
db 0 , 0 , 60 , 0 , 0 
db 0 , 0 , 60 , 0 , 0 
db 0 , 0 , 0 , 0 , 0 
db 0 , 0 , 0 , 0 , 0 
db 0 , 0 , 0 , 0 , 0 
db 0 , 0 , 0 , 0 , 0 
;------ END IMAGE --------
;------ BEGIN IMAGE --------
db 5 ; ancho
db 11 ; alto
db 0 , 0 , 0 , 0 , 0 
db 0 , 0 , 0 , 0 , 0 
db 0 , 0 , 0 , 0 , 0 
db 0 , 0 , 60 , 0 , 0 
db 0 , 20 , 0 , 40 , 0 
db 0 , 20 , 0 , 40 , 0 
db 0 , 20 , 0 , 40 , 0 
db 0 , 0 , 60 , 0 , 0 
db 0 , 0 , 0 , 0 , 0 
db 0 , 0 , 0 , 0 , 0 
db 0 , 0 , 0 , 0 , 0 
;------ END IMAGE --------
;------ BEGIN IMAGE --------
db 16 ; ancho
db 10 ; alto
db 192 , 192 , 192 , 192 , 64 , 128 , 128 , 192 , 192 , 192 , 192 , 192 , 192 , 0 , 128 , 0 
db 192 , 192 , 192 , 192 , 64 , 192 , 0 , 128 , 0 , 192 , 192 , 192 , 192 , 0 , 128 , 64 
db 192 , 128 , 64 , 192 , 64 , 128 , 128 , 128 , 0 , 192 , 0 , 0 , 192 , 0 , 128 , 128 
db 192 , 128 , 64 , 192 , 0 , 64 , 0 , 128 , 0 , 128 , 0 , 0 , 0 , 0 , 128 , 64 
db 192 , 128 , 192 , 192 , 0 , 128 , 128 , 0 , 0 , 0 , 128 , 128 , 0 , 0 , 0 , 128 
db 192 , 192 , 0 , 64 , 64 , 64 , 0 , 0 , 64 , 0 , 64 , 0 , 0 , 0 , 0 , 64 
db 192 , 0 , 128 , 0 , 0 , 128 , 128 , 0 , 128 , 0 , 128 , 128 , 0 , 0 , 64 , 128 
db 192 , 64 , 0 , 0 , 64 , 64 , 64 , 0 , 64 , 0 , 64 , 64 , 64 , 64 , 0 , 64 
db 128 , 128 , 128 , 128 , 128 , 128 , 128 , 128 , 128 , 192 , 0 , 128 , 128 , 128 , 192 , 128 
db 192 , 64 , 64 , 64 , 64 , 64 , 64 , 64 , 64 , 64 , 64 , 64 , 64 , 64 , 0 , 64 
;------ END IMAGE --------
;------ BEGIN IMAGE --------
db 9 ; ancho
db 32 ; alto
db 0 , 0 , 0 , 0 , 0 , 0 , 0 , 0 , 0 
db 0 , 0 , 0 , 0 , 0 , 0 , 0 , 0 , 0 
db 0 , 0 , 0 , 0 , 0 , 0 , 0 , 0 , 0 
db 0 , 0 , 0 , 0 , 60 , 0 , 0 , 0 , 0 
db 0 , 0 , 0 , 60 , 60 , 60 , 0 , 0 , 0 
db 0 , 0 , 20 , 60 , 22 , 60 , 40 , 0 , 0 
db 0 , 0 , 60 , 60 , 41 , 60 , 60 , 0 , 0 
db 0 , 0 , 41 , 60 , 22 , 60 , 22 , 0 , 0 
db 0 , 0 , 41 , 22 , 41 , 41 , 22 , 0 , 0 
db 0 , 20 , 60 , 3 , 60 , 3 , 60 , 40 , 0 
db 0 , 20 , 60 , 60 , 60 , 60 , 60 , 40 , 0 
db 0 , 20 , 60 , 56 , 3 , 52 , 60 , 40 , 0 
db 0 , 20 , 60 , 41 , 3 , 22 , 60 , 40 , 0 
db 0 , 20 , 3 , 33 , 3 , 18 , 3 , 40 , 0 
db 0 , 20 , 3 , 41 , 3 , 22 , 3 , 40 , 0 
db 0 , 20 , 60 , 56 , 3 , 52 , 60 , 40 , 0 
db 0 , 20 , 60 , 60 , 60 , 60 , 60 , 40 , 0 
db 0 , 20 , 60 , 3 , 60 , 3 , 60 , 40 , 0 
db 0 , 20 , 41 , 22 , 22 , 41 , 22 , 40 , 0 
db 0 , 0 , 41 , 60 , 41 , 60 , 22 , 0 , 0 
db 0 , 0 , 60 , 60 , 22 , 60 , 60 , 0 , 0 
db 0 , 0 , 20 , 60 , 41 , 60 , 40 , 0 , 0 
db 0 , 0 , 0 , 60 , 60 , 60 , 0 , 0 , 0 
db 0 , 0 , 0 , 0 , 60 , 0 , 0 , 0 , 0 
db 0 , 0 , 0 , 0 , 0 , 0 , 0 , 0 , 0 
db 0 , 0 , 0 , 0 , 0 , 0 , 0 , 0 , 0 
db 0 , 0 , 0 , 0 , 0 , 0 , 0 , 0 , 0 
db 0 , 0 , 0 , 0 , 0 , 0 , 0 , 0 , 0 
db 0 , 0 , 0 , 0 , 0 , 0 , 0 , 0 , 0 
db 0 , 0 , 0 , 0 , 0 , 0 , 0 , 0 , 0 
db 0 , 0 , 0 , 0 , 0 , 0 , 0 , 0 , 0 
db 0 , 0 , 0 , 0 , 0 , 0 , 0 , 0 , 0 
;------ END IMAGE --------
;------ BEGIN IMAGE --------
db 9 ; ancho
db 32 ; alto
db 0 , 0 , 0 , 0 , 0 , 0 , 0 , 0 , 0 
db 0 , 0 , 0 , 0 , 0 , 0 , 0 , 0 , 0 
db 0 , 0 , 0 , 0 , 3 , 0 , 0 , 0 , 0 
db 0 , 0 , 0 , 3 , 60 , 3 , 0 , 0 , 0 
db 0 , 0 , 1 , 60 , 60 , 60 , 2 , 0 , 0 
db 0 , 0 , 22 , 60 , 22 , 60 , 41 , 0 , 0 
db 0 , 1 , 60 , 60 , 41 , 60 , 60 , 2 , 0 
db 0 , 1 , 41 , 60 , 22 , 60 , 22 , 2 , 0 
db 0 , 1 , 41 , 22 , 41 , 41 , 22 , 2 , 0 
db 0 , 20 , 60 , 3 , 60 , 3 , 60 , 40 , 0 
db 0 , 20 , 60 , 60 , 60 , 60 , 60 , 40 , 0 
db 0 , 20 , 60 , 56 , 3 , 52 , 60 , 40 , 0 
db 0 , 20 , 60 , 41 , 3 , 22 , 60 , 40 , 0 
db 0 , 20 , 3 , 33 , 3 , 18 , 3 , 40 , 0 
db 0 , 20 , 3 , 41 , 3 , 22 , 3 , 40 , 0 
db 0 , 20 , 60 , 56 , 3 , 52 , 60 , 40 , 0 
db 0 , 20 , 60 , 60 , 60 , 60 , 60 , 40 , 0 
db 0 , 20 , 60 , 3 , 60 , 3 , 60 , 40 , 0 
db 0 , 20 , 41 , 22 , 22 , 41 , 22 , 40 , 0 
db 0 , 1 , 41 , 60 , 41 , 60 , 22 , 2 , 0 
db 0 , 1 , 60 , 60 , 22 , 60 , 60 , 2 , 0 
db 0 , 0 , 22 , 60 , 41 , 60 , 41 , 0 , 0 
db 0 , 0 , 1 , 60 , 60 , 60 , 2 , 0 , 0 
db 0 , 0 , 0 , 3 , 60 , 3 , 0 , 0 , 0 
db 0 , 0 , 0 , 0 , 3 , 0 , 0 , 0 , 0 
db 0 , 0 , 0 , 0 , 0 , 0 , 0 , 0 , 0 
db 0 , 0 , 0 , 0 , 0 , 0 , 0 , 0 , 0 
db 0 , 0 , 0 , 0 , 0 , 0 , 0 , 0 , 0 
db 0 , 0 , 0 , 0 , 0 , 0 , 0 , 0 , 0 
db 0 , 0 , 0 , 0 , 0 , 0 , 0 , 0 , 0 
db 0 , 0 , 0 , 0 , 0 , 0 , 0 , 0 , 0 
db 0 , 0 , 0 , 0 , 0 , 0 , 0 , 0 , 0 
;------ END IMAGE --------
;------ BEGIN IMAGE --------
db 9 ; ancho
db 32 ; alto
db 0 , 0 , 0 , 0 , 0 , 0 , 0 , 0 , 0 
db 0 , 0 , 0 , 0 , 0 , 0 , 0 , 0 , 0 
db 0 , 0 , 0 , 0 , 3 , 0 , 0 , 0 , 0 
db 0 , 0 , 0 , 3 , 60 , 3 , 0 , 0 , 0 
db 0 , 0 , 1 , 60 , 60 , 60 , 2 , 0 , 0 
db 0 , 0 , 22 , 60 , 60 , 60 , 41 , 0 , 0 
db 0 , 1 , 60 , 60 , 60 , 60 , 60 , 2 , 0 
db 0 , 1 , 41 , 60 , 60 , 60 , 22 , 2 , 0 
db 0 , 1 , 41 , 22 , 60 , 41 , 22 , 2 , 0 
db 0 , 20 , 22 , 3 , 60 , 3 , 41 , 40 , 0 
db 0 , 20 , 41 , 18 , 3 , 33 , 22 , 40 , 0 
db 0 , 20 , 22 , 3 , 60 , 3 , 41 , 40 , 0 
db 0 , 20 , 60 , 60 , 60 , 60 , 60 , 40 , 0 
db 0 , 20 , 60 , 60 , 60 , 60 , 60 , 40 , 0 
db 0 , 20 , 60 , 60 , 60 , 60 , 60 , 40 , 0 
db 0 , 20 , 60 , 18 , 18 , 18 , 60 , 40 , 0 
db 0 , 20 , 56 , 3 , 3 , 3 , 22 , 40 , 0 
db 0 , 20 , 41 , 3 , 3 , 3 , 22 , 40 , 0 
db 0 , 20 , 60 , 33 , 3 , 18 , 60 , 40 , 0 
db 0 , 1 , 60 , 41 , 33 , 52 , 60 , 2 , 0 
db 0 , 1 , 60 , 60 , 60 , 60 , 60 , 2 , 0 
db 0 , 0 , 22 , 60 , 60 , 60 , 41 , 0 , 0 
db 0 , 0 , 1 , 60 , 60 , 60 , 2 , 0 , 0 
db 0 , 0 , 0 , 3 , 60 , 3 , 0 , 0 , 0 
db 0 , 0 , 0 , 0 , 3 , 0 , 0 , 0 , 0 
db 0 , 0 , 0 , 0 , 0 , 0 , 0 , 0 , 0 
db 0 , 0 , 0 , 0 , 0 , 0 , 0 , 0 , 0 
db 0 , 0 , 0 , 0 , 0 , 0 , 0 , 0 , 0 
db 0 , 0 , 0 , 0 , 0 , 0 , 0 , 0 , 0 
db 0 , 0 , 0 , 0 , 0 , 0 , 0 , 0 , 0 
db 0 , 0 , 0 , 0 , 0 , 0 , 0 , 0 , 0 
db 0 , 0 , 0 , 0 , 0 , 0 , 0 , 0 , 0 
;------ END IMAGE --------
;------ BEGIN IMAGE --------
db 9 ; ancho
db 32 ; alto
db 0 , 0 , 0 , 0 , 0 , 0 , 0 , 0 , 0 
db 0 , 0 , 0 , 0 , 0 , 0 , 0 , 0 , 0 
db 0 , 0 , 0 , 0 , 3 , 0 , 0 , 0 , 0 
db 0 , 0 , 0 , 3 , 60 , 3 , 0 , 0 , 0 
db 0 , 0 , 1 , 60 , 60 , 60 , 2 , 0 , 0 
db 0 , 0 , 22 , 60 , 60 , 60 , 41 , 0 , 0 
db 0 , 1 , 60 , 60 , 60 , 60 , 60 , 2 , 0 
db 0 , 1 , 41 , 60 , 60 , 60 , 22 , 2 , 0 
db 0 , 1 , 41 , 22 , 60 , 41 , 22 , 2 , 0 
db 0 , 20 , 22 , 3 , 60 , 3 , 41 , 40 , 0 
db 0 , 20 , 41 , 18 , 3 , 33 , 22 , 40 , 0 
db 0 , 20 , 22 , 3 , 60 , 3 , 41 , 40 , 0 
db 0 , 20 , 60 , 60 , 60 , 60 , 60 , 40 , 0 
db 0 , 20 , 60 , 60 , 60 , 60 , 60 , 40 , 0 
db 0 , 20 , 60 , 60 , 60 , 60 , 60 , 40 , 0 
db 0 , 20 , 60 , 18 , 18 , 18 , 60 , 40 , 0 
db 0 , 20 , 56 , 3 , 3 , 3 , 22 , 40 , 0 
db 0 , 20 , 41 , 3 , 3 , 3 , 22 , 40 , 0 
db 0 , 20 , 60 , 33 , 3 , 18 , 60 , 40 , 0 
db 0 , 1 , 60 , 41 , 33 , 52 , 60 , 2 , 0 
db 0 , 1 , 60 , 60 , 60 , 60 , 60 , 2 , 0 
db 0 , 0 , 22 , 60 , 60 , 60 , 41 , 0 , 0 
db 0 , 0 , 1 , 60 , 60 , 60 , 2 , 0 , 0 
db 0 , 0 , 0 , 3 , 60 , 3 , 0 , 0 , 0 
db 0 , 0 , 0 , 0 , 3 , 0 , 0 , 0 , 0 
db 0 , 0 , 0 , 0 , 0 , 0 , 0 , 0 , 0 
db 0 , 0 , 0 , 0 , 0 , 0 , 0 , 0 , 0 
db 0 , 0 , 0 , 0 , 0 , 0 , 0 , 0 , 0 
db 0 , 0 , 0 , 0 , 0 , 0 , 0 , 0 , 0 
db 0 , 0 , 0 , 0 , 0 , 0 , 0 , 0 , 0 
db 0 , 0 , 0 , 0 , 0 , 0 , 0 , 0 , 0 
db 0 , 0 , 0 , 0 , 0 , 0 , 0 , 0 , 0 
;------ END IMAGE --------
;------ BEGIN IMAGE --------
db 9 ; ancho
db 32 ; alto
db 0 , 0 , 0 , 0 , 0 , 0 , 0 , 0 , 0 
db 0 , 0 , 0 , 0 , 0 , 0 , 0 , 0 , 0 
db 0 , 0 , 0 , 0 , 3 , 0 , 0 , 0 , 0 
db 0 , 0 , 0 , 3 , 60 , 3 , 0 , 0 , 0 
db 0 , 0 , 1 , 60 , 60 , 60 , 2 , 0 , 0 
db 0 , 0 , 22 , 60 , 60 , 60 , 41 , 0 , 0 
db 0 , 1 , 60 , 60 , 60 , 60 , 60 , 2 , 0 
db 0 , 1 , 60 , 60 , 60 , 60 , 60 , 2 , 0 
db 0 , 1 , 60 , 60 , 60 , 60 , 60 , 2 , 0 
db 0 , 20 , 60 , 60 , 60 , 60 , 60 , 40 , 0 
db 0 , 20 , 60 , 60 , 60 , 60 , 60 , 40 , 0 
db 0 , 20 , 60 , 60 , 60 , 60 , 60 , 40 , 0 
db 0 , 20 , 60 , 60 , 60 , 60 , 60 , 40 , 0 
db 0 , 20 , 60 , 60 , 60 , 60 , 60 , 40 , 0 
db 0 , 20 , 60 , 60 , 60 , 60 , 60 , 40 , 0 
db 0 , 20 , 60 , 60 , 60 , 60 , 60 , 40 , 0 
db 0 , 20 , 60 , 60 , 60 , 60 , 60 , 40 , 0 
db 0 , 20 , 60 , 60 , 60 , 60 , 60 , 40 , 0 
db 0 , 20 , 60 , 60 , 60 , 60 , 60 , 40 , 0 
db 0 , 1 , 60 , 60 , 60 , 60 , 60 , 2 , 0 
db 0 , 1 , 60 , 60 , 60 , 60 , 60 , 2 , 0 
db 0 , 0 , 22 , 60 , 60 , 60 , 41 , 0 , 0 
db 0 , 0 , 1 , 60 , 60 , 60 , 2 , 0 , 0 
db 0 , 0 , 0 , 3 , 60 , 3 , 0 , 0 , 0 
db 0 , 0 , 0 , 0 , 3 , 0 , 0 , 0 , 0 
db 0 , 0 , 0 , 0 , 0 , 0 , 0 , 0 , 0 
db 0 , 0 , 0 , 0 , 0 , 0 , 0 , 0 , 0 
db 0 , 0 , 0 , 0 , 0 , 0 , 0 , 0 , 0 
db 0 , 0 , 0 , 0 , 0 , 0 , 0 , 0 , 0 
db 0 , 0 , 0 , 0 , 0 , 0 , 0 , 0 , 0 
db 0 , 0 , 0 , 0 , 0 , 0 , 0 , 0 , 0 
db 0 , 0 , 0 , 0 , 0 , 0 , 0 , 0 , 0 
;------ END IMAGE --------
;------ BEGIN IMAGE --------
db 6 ; ancho
db 20 ; alto
db 0 , 0 , 0 , 0 , 0 , 0 
db 0 , 0 , 0 , 0 , 0 , 0 
db 0 , 0 , 3 , 3 , 0 , 0 
db 0 , 1 , 60 , 60 , 2 , 0 
db 0 , 1 , 60 , 60 , 2 , 0 
db 0 , 22 , 60 , 60 , 41 , 0 
db 0 , 22 , 60 , 60 , 41 , 0 
db 0 , 22 , 60 , 60 , 41 , 0 
db 0 , 22 , 60 , 60 , 41 , 0 
db 0 , 22 , 60 , 60 , 41 , 0 
db 0 , 22 , 60 , 60 , 41 , 0 
db 0 , 22 , 60 , 60 , 41 , 0 
db 0 , 1 , 60 , 60 , 2 , 0 
db 0 , 1 , 60 , 60 , 2 , 0 
db 0 , 0 , 3 , 3 , 0 , 0 
db 0 , 0 , 0 , 0 , 0 , 0 
db 0 , 0 , 0 , 0 , 0 , 0 
db 0 , 0 , 0 , 0 , 0 , 0 
db 0 , 0 , 0 , 0 , 0 , 0 
db 0 , 0 , 0 , 0 , 0 , 0 
;------ END IMAGE --------
;------ BEGIN IMAGE --------
db 6 ; ancho
db 20 ; alto
db 0 , 0 , 0 , 0 , 0 , 0 
db 0 , 0 , 0 , 0 , 0 , 0 
db 0 , 0 , 3 , 3 , 0 , 0 
db 0 , 1 , 60 , 60 , 2 , 0 
db 0 , 1 , 60 , 60 , 2 , 0 
db 0 , 22 , 22 , 41 , 41 , 0 
db 0 , 22 , 33 , 18 , 41 , 0 
db 0 , 22 , 22 , 41 , 41 , 0 
db 0 , 22 , 60 , 60 , 41 , 0 
db 0 , 3 , 60 , 60 , 3 , 0 
db 0 , 22 , 41 , 22 , 41 , 0 
db 0 , 22 , 41 , 22 , 41 , 0 
db 0 , 1 , 60 , 60 , 2 , 0 
db 0 , 1 , 60 , 60 , 2 , 0 
db 0 , 0 , 3 , 3 , 0 , 0 
db 0 , 0 , 0 , 0 , 0 , 0 
db 0 , 0 , 0 , 0 , 0 , 0 
db 0 , 0 , 0 , 0 , 0 , 0 
db 0 , 0 , 0 , 0 , 0 , 0 
db 0 , 0 , 0 , 0 , 0 , 0 
;------ END IMAGE --------
;------ BEGIN IMAGE --------
db 4 ; ancho
db 12 ; alto
db 0 , 0 , 0 , 0 
db 0 , 0 , 0 , 0 
db 0 , 1 , 2 , 0 
db 0 , 22 , 41 , 0 
db 0 , 60 , 60 , 0 
db 0 , 60 , 60 , 0 
db 0 , 60 , 60 , 0 
db 0 , 22 , 41 , 0 
db 0 , 1 , 2 , 0 
db 0 , 0 , 0 , 0 
db 0 , 0 , 0 , 0 
db 0 , 0 , 0 , 0 
;------ END IMAGE --------
;------ BEGIN IMAGE --------
db 6 ; ancho
db 19 ; alto
db 192 , 0 , 0 , 0 , 0 , 192 
db 128 , 0 , 0 , 0 , 0 , 64 
db 0 , 33 , 0 , 0 , 18 , 0 
db 0 , 26 , 3 , 3 , 37 , 0 
db 0 , 11 , 15 , 15 , 7 , 0 
db 0 , 3 , 15 , 15 , 3 , 0 
db 0 , 7 , 7 , 11 , 11 , 0 
db 0 , 15 , 33 , 18 , 15 , 0 
db 0 , 7 , 3 , 3 , 11 , 0 
db 0 , 7 , 15 , 15 , 11 , 0 
db 0 , 11 , 15 , 15 , 7 , 0 
db 0 , 7 , 7 , 11 , 11 , 0 
db 0 , 7 , 3 , 3 , 11 , 0 
db 0 , 1 , 11 , 7 , 2 , 0 
db 0 , 1 , 15 , 15 , 2 , 0 
db 0 , 0 , 3 , 3 , 0 , 0 
db 0 , 0 , 0 , 0 , 0 , 0 
db 128 , 0 , 0 , 0 , 0 , 64 
db 192 , 0 , 0 , 0 , 0 , 192 
;------ END IMAGE --------
;------ BEGIN IMAGE --------
db 6 ; ancho
db 21 ; alto
db 192 , 0 , 0 , 0 , 0 , 192 
db 128 , 0 , 0 , 0 , 0 , 64 
db 0 , 0 , 0 , 0 , 0 , 0 
db 0 , 0 , 0 , 0 , 0 , 0 
db 0 , 0 , 3 , 3 , 0 , 0 
db 0 , 1 , 60 , 60 , 2 , 0 
db 0 , 1 , 60 , 41 , 2 , 0 
db 0 , 22 , 60 , 22 , 3 , 0 
db 0 , 22 , 60 , 41 , 41 , 0 
db 0 , 22 , 60 , 22 , 3 , 0 
db 0 , 22 , 60 , 41 , 41 , 0 
db 0 , 22 , 60 , 22 , 3 , 0 
db 0 , 22 , 41 , 41 , 41 , 0 
db 0 , 22 , 60 , 22 , 3 , 0 
db 0 , 1 , 41 , 41 , 2 , 0 
db 0 , 1 , 22 , 22 , 2 , 0 
db 0 , 0 , 3 , 3 , 0 , 0 
db 0 , 0 , 0 , 0 , 0 , 0 
db 0 , 0 , 0 , 0 , 0 , 0 
db 128 , 0 , 0 , 0 , 0 , 64 
db 192 , 0 , 0 , 0 , 0 , 192 
;------ END IMAGE --------
J;------ BEGIN IMAGE --------
db 6 ; ancho
db 10 ; alto
db 0 , 0 , 0 , 0 , 0 , 0 
db 0 , 0 , 0 , 0 , 0 , 0 
db 0 , 0 , 0 , 0 , 0 , 0 
db 0 , 0 , 0 , 0 , 0 , 0 
db 0 , 0 , 0 , 0 , 0 , 0 
db 0 , 0 , 18 , 2 , 0 , 0 
db 0 , 3 , 33 , 33 , 0 , 0 
db 0 , 48 , 3 , 18 , 3 , 0 
db 0 , 3 , 2 , 1 , 48 , 0 
db 0 , 0 , 0 , 0 , 0 , 0 
;------ END IMAGE --------
;------ BEGIN IMAGE --------
db 6 ; ancho
db 10 ; alto
db 0 , 0 , 0 , 0 , 0 , 0 
db 0 , 0 , 0 , 0 , 0 , 0 
db 0 , 0 , 0 , 0 , 0 , 0 
db 0 , 0 , 0 , 0 , 0 , 0 
db 0 , 0 , 0 , 0 , 0 , 0 
db 0 , 0 , 18 , 2 , 0 , 0 
db 0 , 3 , 33 , 33 , 0 , 0 
db 0 , 48 , 3 , 18 , 3 , 0 
db 0 , 3 , 2 , 1 , 48 , 0 
db 0 , 0 , 0 , 0 , 0 , 0 
;------ END IMAGE --------
;------ BEGIN IMAGE --------
db 6 ; ancho
db 10 ; alto
db 0 , 0 , 0 , 0 , 0 , 0 
db 0 , 0 , 0 , 0 , 0 , 0 
db 0 , 0 , 0 , 0 , 0 , 0 
db 0 , 0 , 0 , 0 , 0 , 0 
db 0 , 16 , 0 , 16 , 16 , 0 
db 0 , 0 , 0 , 0 , 1 , 0 
db 0 , 3 , 16 , 0 , 18 , 0 
db 0 , 18 , 2 , 1 , 18 , 0 
db 0 , 0 , 33 , 3 , 33 , 0 
db 0 , 0 , 16 , 48 , 2 , 0 
;------ END IMAGE --------
;------ BEGIN IMAGE --------
db 6 ; ancho
db 10 ; alto
db 0 , 0 , 0 , 0 , 0 , 0 
db 0 , 0 , 0 , 0 , 0 , 0 
db 0 , 0 , 0 , 0 , 0 , 0 
db 0 , 0 , 0 , 0 , 0 , 0 
db 0 , 16 , 0 , 16 , 16 , 0 
db 0 , 0 , 0 , 0 , 1 , 0 
db 0 , 3 , 16 , 0 , 18 , 0 
db 0 , 18 , 2 , 1 , 18 , 0 
db 0 , 0 , 33 , 3 , 33 , 0 
db 0 , 0 , 16 , 48 , 2 , 0 
;------ END IMAGE --------
;------ BEGIN IMAGE --------
db 6 ; ancho
db 10 ; alto
db 0 , 0 , 0 , 0 , 0 , 0 
db 0 , 0 , 0 , 0 , 0 , 0 
db 0 , 0 , 0 , 0 , 0 , 0 
db 0 , 0 , 0 , 0 , 0 , 0 
db 0 , 32 , 0 , 0 , 0 , 0 
db 0 , 0 , 0 , 32 , 0 , 0 
db 0 , 0 , 32 , 0 , 16 , 0 
db 0 , 0 , 0 , 0 , 0 , 0 
db 0 , 0 , 0 , 32 , 0 , 0 
db 0 , 16 , 0 , 0 , 32 , 0 
;------ END IMAGE --------
;------ BEGIN IMAGE --------
db 5 ; ancho
db 6 ; alto
db 0 , 0 , 0 , 0 , 0 
db 0 , 0 , 0 , 0 , 0 
db 0 , 0 , 0 , 0 , 0 
db 0 , 0 , 0 , 0 , 0 
db 0 , 33 , 3 , 18 , 0 
db 0 , 18 , 48 , 33 , 0 
;------ END IMAGE --------
;------ BEGIN IMAGE --------
db 6 ; ancho
db 16 ; alto
db 0 , 0 , 16 , 0 , 0 , 0 
db 0 , 0 , 0 , 0 , 0 , 0 
db 0 , 0 , 16 , 0 , 0 , 0 
db 0 , 0 , 16 , 0 , 0 , 0 
db 0 , 0 , 16 , 0 , 0 , 0 
db 0 , 0 , 50 , 34 , 0 , 0 
db 0 , 17 , 49 , 49 , 0 , 0 
db 32 , 48 , 35 , 50 , 32 , 32 
db 0 , 17 , 49 , 49 , 0 , 0 
db 0 , 0 , 50 , 34 , 0 , 0 
db 0 , 0 , 16 , 0 , 0 , 0 
db 0 , 0 , 16 , 0 , 0 , 0 
db 0 , 0 , 16 , 0 , 0 , 0 
db 0 , 0 , 0 , 0 , 0 , 0 
db 0 , 0 , 16 , 0 , 0 , 0 
db 0 , 0 , 0 , 0 , 0 , 0 
;------ END IMAGE --------
;------ BEGIN IMAGE --------
db 6 ; ancho
db 17 ; alto
db 0 , 0 , 0 , 0 , 0 , 0 
db 0 , 0 , 0 , 0 , 0 , 0 
db 0 , 0 , 16 , 0 , 0 , 0 
db 0 , 0 , 0 , 0 , 0 , 0 
db 0 , 0 , 16 , 0 , 0 , 0 
db 0 , 0 , 16 , 0 , 0 , 0 
db 0 , 0 , 16 , 0 , 0 , 0 
db 0 , 0 , 16 , 0 , 0 , 0 
db 0 , 0 , 49 , 32 , 0 , 0 
db 32 , 48 , 35 , 50 , 32 , 32 
db 0 , 0 , 49 , 32 , 0 , 0 
db 0 , 0 , 16 , 0 , 0 , 0 
db 0 , 0 , 16 , 0 , 0 , 0 
db 0 , 0 , 16 , 0 , 0 , 0 
db 0 , 0 , 16 , 0 , 0 , 0 
db 0 , 0 , 0 , 0 , 0 , 0 
db 0 , 0 , 16 , 0 , 0 , 0 
;------ END IMAGE --------
