;------ BEGIN SPRITE --------
db 2 ; ancho
db 48 ; alto
db 0 , 0 
db 0 , 0 
db 0 , 0 
db 0 , 0 
db 0 , 0 
db 0 , 0 
db 0 , 0 
db 0 , 0 
db 192 , 192 
db 192 , 192 
db 192 , 192 
db 192 , 192 
db 192 , 192 
db 128 , 0 
db 0 , 0 
db 0 , 0 
db 0 , 0 
db 0 , 0 
db 0 , 0 
db 0 , 0 
db 0 , 0 
db 0 , 0 
db 0 , 0 
db 0 , 0 
db 0 , 0 
db 0 , 0 
db 0 , 0 
db 0 , 0 
db 0 , 0 
db 0 , 0 
db 0 , 0 
db 0 , 0 
db 0 , 0 
db 0 , 0 
db 0 , 0 
db 0 , 0 
db 0 , 0 
db 0 , 0 
db 0 , 0 
db 0 , 0 
db 0 , 0 
db 0 , 0 
db 0 , 0 
db 0 , 0 
db 0 , 0 
db 0 , 0 
db 0 , 0 
db 0 , 0 
;------ END SPRITE --------
;------ BEGIN SPRITE --------
db 2 ; ancho
db 42 ; alto
db 0 , 0 
db 0 , 0 
db 0 , 0 
db 0 , 0 
db 16 , 32 
db 48 , 48 
db 48 , 48 
db 48 , 48 
db 48 , 48 
db 48 , 48 
db 0 , 0 
db 0 , 0 
db 0 , 0 
db 0 , 0 
db 0 , 0 
db 0 , 0 
db 0 , 0 
db 0 , 0 
db 0 , 0 
db 0 , 0 
db 0 , 0 
db 0 , 0 
db 0 , 0 
db 0 , 0 
db 0 , 0 
db 0 , 0 
db 0 , 0 
db 0 , 0 
db 0 , 0 
db 0 , 0 
db 0 , 0 
db 0 , 0 
db 0 , 0 
db 0 , 0 
db 0 , 0 
db 0 , 0 
db 0 , 0 
db 0 , 0 
db 0 , 0 
db 0 , 0 
db 0 , 0 
db 0 , 0 
;------ END SPRITE --------
;------ BEGIN SPRITE --------
db 6 ; ancho
db 13 ; alto
db 0 , 0 , 0 , 0 , 0 , 0 
db 0 , 0 , 0 , 0 , 0 , 0 
db 0 , 0 , 0 , 0 , 0 , 0 
db 0 , 0 , 0 , 0 , 0 , 0 
db 0 , 0 , 16 , 32 , 0 , 0 
db 0 , 0 , 52 , 56 , 0 , 0 
db 0 , 0 , 52 , 56 , 0 , 0 
db 0 , 0 , 52 , 56 , 0 , 0 
db 0 , 0 , 16 , 32 , 0 , 0 
db 0 , 0 , 0 , 0 , 0 , 0 
db 0 , 0 , 0 , 0 , 0 , 0 
db 0 , 0 , 0 , 0 , 0 , 0 
db 0 , 0 , 0 , 0 , 0 , 0 
;------ END SPRITE --------
;------ BEGIN SPRITE --------
db 6 ; ancho
db 13 ; alto
db 0 , 0 , 0 , 0 , 0 , 0 
db 0 , 0 , 0 , 0 , 0 , 0 
db 0 , 0 , 0 , 0 , 0 , 0 
db 0 , 0 , 0 , 0 , 0 , 0 
db 0 , 0 , 16 , 32 , 0 , 0 
db 0 , 0 , 32 , 16 , 0 , 0 
db 0 , 0 , 32 , 16 , 0 , 0 
db 0 , 0 , 32 , 16 , 0 , 0 
db 0 , 0 , 32 , 16 , 0 , 0 
db 0 , 0 , 16 , 32 , 0 , 0 
db 0 , 0 , 0 , 0 , 0 , 0 
db 0 , 0 , 0 , 0 , 0 , 0 
db 0 , 0 , 0 , 0 , 0 , 0 
;------ END SPRITE --------
;------ BEGIN SPRITE --------
db 6 ; ancho
db 13 ; alto
db 0 , 0 , 0 , 0 , 0 , 0 
db 0 , 0 , 0 , 0 , 0 , 0 
db 0 , 0 , 0 , 0 , 0 , 0 
db 0 , 0 , 16 , 32 , 0 , 0 
db 0 , 0 , 32 , 16 , 0 , 0 
db 0 , 0 , 32 , 0 , 0 , 0 
db 0 , 0 , 16 , 32 , 0 , 0 
db 0 , 0 , 0 , 0 , 0 , 0 
db 0 , 0 , 0 , 0 , 0 , 0 
db 0 , 0 , 0 , 0 , 0 , 0 
db 0 , 0 , 0 , 0 , 0 , 0 
db 0 , 0 , 0 , 0 , 0 , 0 
db 0 , 0 , 0 , 0 , 0 , 0 
;------ END SPRITE --------
;------ BEGIN SPRITE --------
db 6 ; ancho
db 13 ; alto
db 0 , 0 , 0 , 0 , 0 , 0 
db 0 , 0 , 0 , 0 , 0 , 0 
db 0 , 0 , 0 , 0 , 0 , 0 
db 0 , 0 , 16 , 32 , 0 , 0 
db 0 , 0 , 32 , 16 , 0 , 0 
db 0 , 0 , 32 , 16 , 0 , 0 
db 0 , 0 , 32 , 16 , 0 , 0 
db 0 , 0 , 32 , 16 , 0 , 0 
db 0 , 0 , 16 , 32 , 0 , 0 
db 0 , 0 , 0 , 0 , 0 , 0 
db 0 , 0 , 0 , 0 , 0 , 0 
db 0 , 0 , 0 , 0 , 0 , 0 
db 0 , 0 , 0 , 0 , 0 , 0 
;------ END SPRITE --------
;------ BEGIN SPRITE --------
db 6 ; ancho
db 13 ; alto
db 0 , 0 , 0 , 0 , 0 , 0 
db 0 , 0 , 0 , 0 , 0 , 0 
db 0 , 0 , 0 , 0 , 0 , 0 
db 0 , 0 , 16 , 32 , 0 , 0 
db 0 , 0 , 32 , 16 , 0 , 0 
db 0 , 0 , 32 , 16 , 0 , 0 
db 0 , 0 , 32 , 16 , 0 , 0 
db 0 , 0 , 32 , 16 , 0 , 0 
db 0 , 0 , 16 , 32 , 0 , 0 
db 0 , 0 , 0 , 0 , 0 , 0 
db 0 , 0 , 0 , 0 , 0 , 0 
db 0 , 0 , 0 , 0 , 0 , 0 
db 0 , 0 , 0 , 0 , 0 , 0 
;------ END SPRITE --------
;------ BEGIN SPRITE --------
db 6 ; ancho
db 13 ; alto
db 0 , 0 , 0 , 0 , 0 , 0 
db 0 , 0 , 0 , 0 , 0 , 0 
db 0 , 0 , 0 , 0 , 0 , 0 
db 0 , 0 , 16 , 32 , 0 , 0 
db 0 , 0 , 32 , 16 , 0 , 0 
db 0 , 0 , 32 , 16 , 0 , 0 
db 0 , 0 , 32 , 16 , 0 , 0 
db 0 , 0 , 16 , 32 , 0 , 0 
db 0 , 0 , 0 , 0 , 0 , 0 
db 0 , 0 , 0 , 0 , 0 , 0 
db 0 , 0 , 0 , 0 , 0 , 0 
db 0 , 0 , 0 , 0 , 0 , 0 
db 0 , 0 , 0 , 0 , 0 , 0 
;------ END SPRITE --------
;------ BEGIN SPRITE --------
db 6 ; ancho
db 13 ; alto
db 0 , 0 , 0 , 0 , 0 , 0 
db 0 , 0 , 0 , 0 , 0 , 0 
db 0 , 0 , 0 , 0 , 0 , 0 
db 0 , 0 , 16 , 32 , 0 , 0 
db 0 , 0 , 32 , 16 , 0 , 0 
db 0 , 0 , 32 , 16 , 0 , 0 
db 0 , 0 , 32 , 16 , 0 , 0 
db 0 , 0 , 16 , 32 , 0 , 0 
db 0 , 0 , 0 , 0 , 0 , 0 
db 0 , 0 , 0 , 0 , 0 , 0 
db 0 , 0 , 0 , 0 , 0 , 0 
db 0 , 0 , 0 , 0 , 0 , 0 
db 0 , 0 , 0 , 0 , 0 , 0 
;------ END SPRITE --------
;------ BEGIN SPRITE --------
db 6 ; ancho
db 13 ; alto
db 0 , 0 , 0 , 0 , 0 , 0 
db 0 , 0 , 0 , 0 , 0 , 0 
db 0 , 0 , 0 , 0 , 0 , 0 
db 0 , 0 , 20 , 32 , 0 , 0 
db 0 , 0 , 52 , 56 , 0 , 0 
db 0 , 0 , 52 , 56 , 0 , 0 
db 0 , 0 , 52 , 56 , 0 , 0 
db 0 , 0 , 16 , 32 , 0 , 0 
db 0 , 0 , 0 , 0 , 0 , 0 
db 0 , 0 , 0 , 0 , 0 , 0 
db 0 , 0 , 0 , 0 , 0 , 0 
db 0 , 0 , 0 , 0 , 0 , 0 
db 0 , 0 , 0 , 0 , 0 , 0 
;------ END SPRITE --------
