;------ BEGIN IMAGE --------
db 8 ; ancho
db 24 ; alto
db 0 , 0 , 0 , 0 , 0 , 0 , 0 , 0 
db 0 , 0 , 0 , 0 , 0 , 0 , 0 , 0 
db 0 , 0 , 0 , 0 , 0 , 0 , 0 , 0 
db 0 , 0 , 0 , 0 , 0 , 0 , 0 , 0 
db 0 , 0 , 0 , 48 , 32 , 0 , 0 , 0 
db 0 , 0 , 16 , 48 , 56 , 0 , 0 , 0 
db 0 , 0 , 16 , 52 , 60 , 40 , 0 , 0 
db 0 , 0 , 16 , 56 , 60 , 34 , 0 , 0 
db 0 , 0 , 52 , 52 , 57 , 57 , 0 , 0 
db 0 , 0 , 48 , 60 , 60 , 54 , 0 , 0 
db 0 , 0 , 52 , 52 , 57 , 57 , 0 , 0 
db 0 , 0 , 48 , 60 , 54 , 54 , 0 , 0 
db 0 , 0 , 48 , 57 , 57 , 57 , 0 , 0 
db 0 , 0 , 48 , 60 , 54 , 54 , 0 , 0 
db 0 , 0 , 48 , 49 , 57 , 57 , 0 , 0 
db 0 , 0 , 48 , 60 , 54 , 34 , 0 , 0 
db 0 , 0 , 16 , 49 , 57 , 40 , 0 , 0 
db 0 , 0 , 16 , 56 , 54 , 34 , 0 , 0 
db 0 , 0 , 0 , 49 , 49 , 0 , 0 , 0 
db 0 , 0 , 0 , 20 , 34 , 0 , 0 , 0 
db 0 , 0 , 0 , 0 , 0 , 0 , 0 , 0 
db 0 , 0 , 0 , 0 , 0 , 0 , 0 , 0 
db 0 , 0 , 0 , 0 , 0 , 0 , 0 , 0 
db 0 , 0 , 0 , 0 , 0 , 0 , 0 , 0 
;------ END IMAGE --------
;------ BEGIN IMAGE --------
db 8 ; ancho
db 24 ; alto
db 0 , 0 , 0 , 0 , 0 , 0 , 0 , 0 
db 0 , 0 , 0 , 0 , 0 , 0 , 0 , 0 
db 0 , 0 , 0 , 0 , 0 , 0 , 0 , 0 
db 0 , 0 , 0 , 0 , 0 , 0 , 0 , 0 
db 0 , 0 , 0 , 16 , 48 , 0 , 0 , 0 
db 0 , 0 , 0 , 52 , 48 , 32 , 0 , 0 
db 0 , 0 , 20 , 60 , 56 , 32 , 0 , 0 
db 0 , 0 , 17 , 60 , 52 , 32 , 0 , 0 
db 0 , 0 , 54 , 54 , 56 , 56 , 0 , 0 
db 0 , 0 , 57 , 60 , 60 , 48 , 0 , 0 
db 0 , 0 , 54 , 54 , 56 , 56 , 0 , 0 
db 0 , 0 , 57 , 57 , 60 , 48 , 0 , 0 
db 0 , 0 , 54 , 54 , 54 , 48 , 0 , 0 
db 0 , 0 , 57 , 57 , 60 , 48 , 0 , 0 
db 0 , 0 , 54 , 54 , 50 , 48 , 0 , 0 
db 0 , 0 , 17 , 57 , 60 , 48 , 0 , 0 
db 0 , 0 , 20 , 54 , 50 , 32 , 0 , 0 
db 0 , 0 , 17 , 57 , 52 , 32 , 0 , 0 
db 0 , 0 , 0 , 50 , 50 , 0 , 0 , 0 
db 0 , 0 , 0 , 17 , 40 , 0 , 0 , 0 
db 0 , 0 , 0 , 0 , 0 , 0 , 0 , 0 
db 0 , 0 , 0 , 0 , 0 , 0 , 0 , 0 
db 0 , 0 , 0 , 0 , 0 , 0 , 0 , 0 
db 0 , 0 , 0 , 0 , 0 , 0 , 0 , 0 
;------ END IMAGE --------
;------ BEGIN IMAGE --------
db 8 ; ancho
db 24 ; alto
db 0 , 0 , 0 , 0 , 0 , 0 , 0 , 0 
db 0 , 0 , 0 , 0 , 0 , 0 , 0 , 0 
db 0 , 0 , 0 , 0 , 0 , 0 , 0 , 0 
db 0 , 0 , 0 , 0 , 0 , 0 , 0 , 0 
db 0 , 0 , 0 , 17 , 40 , 0 , 0 , 0 
db 0 , 0 , 0 , 50 , 50 , 0 , 0 , 0 
db 0 , 0 , 17 , 57 , 52 , 32 , 0 , 0 
db 0 , 0 , 20 , 54 , 50 , 32 , 0 , 0 
db 0 , 0 , 17 , 57 , 60 , 48 , 0 , 0 
db 0 , 0 , 54 , 54 , 50 , 48 , 0 , 0 
db 0 , 0 , 57 , 57 , 60 , 48 , 0 , 0 
db 0 , 0 , 54 , 54 , 54 , 48 , 0 , 0 
db 0 , 0 , 57 , 57 , 60 , 48 , 0 , 0 
db 0 , 0 , 54 , 54 , 56 , 56 , 0 , 0 
db 0 , 0 , 57 , 60 , 60 , 48 , 0 , 0 
db 0 , 0 , 54 , 54 , 56 , 56 , 0 , 0 
db 0 , 0 , 17 , 60 , 52 , 32 , 0 , 0 
db 0 , 0 , 20 , 60 , 56 , 32 , 0 , 0 
db 0 , 0 , 0 , 52 , 48 , 32 , 0 , 0 
db 0 , 0 , 0 , 16 , 48 , 0 , 0 , 0 
db 0 , 0 , 0 , 0 , 0 , 0 , 0 , 0 
db 0 , 0 , 0 , 0 , 0 , 0 , 0 , 0 
db 0 , 0 , 0 , 0 , 0 , 0 , 0 , 0 
db 0 , 0 , 0 , 0 , 0 , 0 , 0 , 0 
;------ END IMAGE --------
;------ BEGIN IMAGE --------
db 8 ; ancho
db 24 ; alto
db 0 , 0 , 0 , 0 , 0 , 0 , 0 , 0 
db 0 , 0 , 0 , 0 , 0 , 0 , 0 , 0 
db 0 , 0 , 0 , 0 , 0 , 0 , 0 , 0 
db 0 , 0 , 0 , 0 , 0 , 0 , 0 , 0 
db 0 , 0 , 0 , 57 , 40 , 0 , 0 , 0 
db 0 , 0 , 20 , 54 , 54 , 0 , 0 , 0 
db 0 , 0 , 17 , 57 , 57 , 40 , 0 , 0 
db 0 , 0 , 54 , 54 , 54 , 34 , 0 , 0 
db 0 , 0 , 60 , 60 , 57 , 57 , 0 , 0 
db 0 , 0 , 60 , 60 , 60 , 54 , 0 , 0 
db 0 , 0 , 52 , 60 , 57 , 57 , 0 , 0 
db 0 , 0 , 52 , 60 , 60 , 54 , 0 , 0 
db 0 , 0 , 48 , 60 , 60 , 57 , 0 , 0 
db 0 , 0 , 48 , 60 , 56 , 50 , 0 , 0 
db 0 , 0 , 52 , 49 , 49 , 48 , 0 , 0 
db 0 , 0 , 48 , 56 , 50 , 34 , 0 , 0 
db 0 , 0 , 16 , 49 , 49 , 32 , 0 , 0 
db 0 , 0 , 16 , 48 , 48 , 34 , 0 , 0 
db 0 , 0 , 0 , 48 , 49 , 0 , 0 , 0 
db 0 , 0 , 0 , 20 , 34 , 0 , 0 , 0 
db 0 , 0 , 0 , 0 , 0 , 0 , 0 , 0 
db 0 , 0 , 0 , 0 , 0 , 0 , 0 , 0 
db 0 , 0 , 0 , 0 , 0 , 0 , 0 , 0 
db 0 , 0 , 0 , 0 , 0 , 0 , 0 , 0 
;------ END IMAGE --------
;------ BEGIN IMAGE --------
db 8 ; ancho
db 24 ; alto
db 0 , 0 , 0 , 0 , 0 , 0 , 0 , 0 
db 0 , 0 , 0 , 0 , 0 , 0 , 0 , 0 
db 0 , 0 , 0 , 0 , 0 , 0 , 0 , 0 
db 0 , 0 , 0 , 0 , 0 , 0 , 0 , 0 
db 0 , 0 , 0 , 20 , 34 , 0 , 0 , 0 
db 0 , 0 , 0 , 48 , 49 , 0 , 0 , 0 
db 0 , 0 , 16 , 48 , 48 , 34 , 0 , 0 
db 0 , 0 , 16 , 49 , 49 , 32 , 0 , 0 
db 0 , 0 , 48 , 56 , 50 , 34 , 0 , 0 
db 0 , 0 , 52 , 49 , 49 , 48 , 0 , 0 
db 0 , 0 , 48 , 60 , 56 , 50 , 0 , 0 
db 0 , 0 , 48 , 60 , 60 , 57 , 0 , 0 
db 0 , 0 , 52 , 60 , 60 , 54 , 0 , 0 
db 0 , 0 , 52 , 60 , 57 , 57 , 0 , 0 
db 0 , 0 , 60 , 60 , 60 , 54 , 0 , 0 
db 0 , 0 , 60 , 60 , 57 , 57 , 0 , 0 
db 0 , 0 , 54 , 54 , 54 , 34 , 0 , 0 
db 0 , 0 , 17 , 57 , 57 , 40 , 0 , 0 
db 0 , 0 , 20 , 54 , 54 , 0 , 0 , 0 
db 0 , 0 , 0 , 57 , 40 , 0 , 0 , 0 
db 0 , 0 , 0 , 0 , 0 , 0 , 0 , 0 
db 0 , 0 , 0 , 0 , 0 , 0 , 0 , 0 
db 0 , 0 , 0 , 0 , 0 , 0 , 0 , 0 
db 0 , 0 , 0 , 0 , 0 , 0 , 0 , 0 
;------ END IMAGE --------
;------ BEGIN IMAGE --------
db 4 ; ancho
db 24 ; alto
db 0 , 0 , 20 , 48 
db 0 , 20 , 48 , 20 
db 0 , 56 , 40 , 40 
db 0 , 52 , 20 , 20 
db 20 , 40 , 40 , 40 
db 16 , 20 , 20 , 20 
db 16 , 40 , 40 , 40 
db 56 , 20 , 48 , 48 
db 56 , 56 , 0 , 0 
db 52 , 16 , 12 , 12 
db 52 , 16 , 12 , 12 
db 52 , 40 , 36 , 24 
db 52 , 0 , 16 , 32 
db 52 , 0 , 0 , 20 
db 52 , 0 , 60 , 60 
db 52 , 0 , 60 , 56 
db 52 , 40 , 60 , 32 
db 52 , 40 , 56 , 0 
db 56 , 60 , 32 , 0 
db 16 , 60 , 16 , 48 
db 20 , 52 , 40 , 0 
db 0 , 56 , 60 , 60 
db 16 , 20 , 48 , 60 
db 48 , 32 , 60 , 48 
;------ END IMAGE --------
;------ BEGIN IMAGE --------
db 4 ; ancho
db 24 ; alto
db 0 , 0 , 20 , 48 
db 0 , 20 , 48 , 20 
db 0 , 56 , 40 , 40 
db 0 , 52 , 20 , 20 
db 20 , 40 , 40 , 40 
db 16 , 20 , 20 , 20 
db 16 , 40 , 40 , 40 
db 56 , 20 , 48 , 48 
db 32 , 16 , 0 , 0 
db 0 , 48 , 44 , 12 
db 16 , 16 , 12 , 12 
db 52 , 0 , 36 , 24 
db 52 , 40 , 16 , 32 
db 52 , 40 , 0 , 20 
db 52 , 0 , 0 , 60 
db 52 , 20 , 60 , 16 
db 52 , 60 , 40 , 32 
db 52 , 60 , 16 , 0 
db 56 , 60 , 16 , 0 
db 16 , 60 , 0 , 48 
db 20 , 52 , 40 , 0 
db 0 , 56 , 60 , 60 
db 16 , 20 , 48 , 60 
db 48 , 32 , 60 , 48 
;------ END IMAGE --------
;------ BEGIN IMAGE --------
db 8 ; ancho
db 24 ; alto
db 0 , 0 , 0 , 0 , 0 , 0 , 0 , 0 
db 0 , 0 , 0 , 0 , 0 , 0 , 0 , 0 
db 0 , 0 , 0 , 0 , 0 , 0 , 0 , 0 
db 0 , 0 , 0 , 0 , 0 , 0 , 0 , 0 
db 0 , 0 , 0 , 55 , 59 , 0 , 0 , 0 
db 0 , 0 , 17 , 63 , 63 , 34 , 0 , 0 
db 0 , 0 , 21 , 55 , 63 , 42 , 0 , 0 
db 0 , 0 , 51 , 63 , 59 , 59 , 0 , 0 
db 0 , 0 , 59 , 63 , 59 , 63 , 0 , 0 
db 0 , 0 , 63 , 63 , 63 , 63 , 0 , 0 
db 0 , 0 , 55 , 63 , 51 , 55 , 0 , 0 
db 0 , 0 , 51 , 51 , 51 , 51 , 0 , 0 
db 0 , 0 , 51 , 5 , 10 , 27 , 0 , 0 
db 0 , 0 , 5 , 0 , 27 , 10 , 0 , 0 
db 0 , 0 , 5 , 0 , 27 , 10 , 0 , 0 
db 0 , 0 , 5 , 0 , 27 , 27 , 0 , 0 
db 0 , 0 , 39 , 17 , 10 , 39 , 0 , 0 
db 0 , 0 , 27 , 5 , 34 , 39 , 0 , 0 
db 0 , 0 , 10 , 5 , 0 , 5 , 0 , 0 
db 0 , 0 , 10 , 5 , 0 , 5 , 0 , 0 
db 0 , 0 , 0 , 0 , 0 , 0 , 0 , 0 
db 0 , 0 , 0 , 0 , 0 , 0 , 0 , 0 
db 0 , 0 , 0 , 0 , 0 , 0 , 0 , 0 
db 0 , 0 , 0 , 0 , 0 , 0 , 0 , 0 
;------ END IMAGE --------
;------ BEGIN IMAGE --------
db 8 ; ancho
db 24 ; alto
db 0 , 0 , 0 , 0 , 0 , 0 , 0 , 0 
db 0 , 0 , 0 , 0 , 0 , 0 , 0 , 0 
db 0 , 0 , 0 , 0 , 0 , 0 , 0 , 0 
db 0 , 0 , 0 , 0 , 0 , 0 , 0 , 0 
db 0 , 0 , 0 , 55 , 59 , 0 , 0 , 0 
db 0 , 0 , 17 , 63 , 63 , 34 , 0 , 0 
db 0 , 0 , 21 , 55 , 63 , 42 , 0 , 0 
db 0 , 0 , 51 , 63 , 59 , 59 , 0 , 0 
db 0 , 0 , 59 , 63 , 59 , 63 , 0 , 0 
db 0 , 0 , 63 , 63 , 63 , 63 , 0 , 0 
db 0 , 0 , 55 , 63 , 51 , 55 , 0 , 0 
db 0 , 0 , 51 , 51 , 51 , 51 , 0 , 0 
db 0 , 0 , 51 , 5 , 10 , 27 , 0 , 0 
db 0 , 0 , 5 , 0 , 27 , 15 , 0 , 0 
db 0 , 0 , 10 , 0 , 27 , 5 , 0 , 0 
db 0 , 0 , 10 , 0 , 27 , 5 , 0 , 0 
db 0 , 0 , 138 , 17 , 10 , 15 , 0 , 0 
db 0 , 0 , 69 , 5 , 34 , 0 , 0 , 0 
db 0 , 0 , 0 , 0 , 0 , 0 , 0 , 0 
db 0 , 0 , 0 , 0 , 0 , 0 , 0 , 0 
db 0 , 0 , 0 , 0 , 0 , 0 , 0 , 0 
db 0 , 0 , 0 , 0 , 0 , 0 , 0 , 0 
db 0 , 0 , 0 , 0 , 0 , 0 , 0 , 0 
db 0 , 0 , 0 , 0 , 0 , 0 , 0 , 0 
;------ END IMAGE --------
;------ BEGIN IMAGE --------
db 8 ; ancho
db 24 ; alto
db 0 , 0 , 0 , 0 , 0 , 0 , 0 , 0 
db 0 , 0 , 0 , 0 , 0 , 0 , 0 , 0 
db 0 , 0 , 0 , 0 , 0 , 0 , 0 , 0 
db 0 , 0 , 0 , 0 , 0 , 0 , 0 , 0 
db 0 , 0 , 0 , 55 , 59 , 0 , 0 , 0 
db 0 , 0 , 17 , 63 , 63 , 34 , 0 , 0 
db 0 , 0 , 21 , 55 , 63 , 42 , 0 , 0 
db 0 , 0 , 55 , 63 , 59 , 42 , 0 , 0 
db 0 , 0 , 21 , 63 , 59 , 42 , 0 , 0 
db 0 , 0 , 21 , 63 , 63 , 42 , 0 , 0 
db 0 , 0 , 63 , 63 , 51 , 63 , 0 , 0 
db 0 , 0 , 63 , 51 , 51 , 55 , 0 , 0 
db 0 , 0 , 10 , 5 , 0 , 31 , 0 , 0 
db 0 , 0 , 10 , 5 , 17 , 10 , 0 , 0 
db 0 , 0 , 5 , 5 , 5 , 0 , 0 , 0 
db 0 , 0 , 5 , 5 , 5 , 0 , 0 , 0 
db 0 , 0 , 5 , 5 , 5 , 0 , 0 , 0 
db 0 , 0 , 5 , 5 , 5 , 0 , 0 , 0 
db 0 , 0 , 5 , 5 , 5 , 0 , 0 , 0 
db 0 , 0 , 16 , 16 , 16 , 0 , 0 , 0 
db 0 , 0 , 0 , 0 , 0 , 0 , 0 , 0 
db 0 , 0 , 0 , 0 , 0 , 0 , 0 , 0 
db 0 , 0 , 0 , 0 , 0 , 0 , 0 , 0 
db 0 , 0 , 0 , 0 , 0 , 0 , 0 , 0 
;------ END IMAGE --------
;------ BEGIN IMAGE --------
db 8 ; ancho
db 24 ; alto
db 0 , 0 , 0 , 0 , 0 , 0 , 0 , 0 
db 0 , 0 , 0 , 0 , 0 , 0 , 0 , 0 
db 0 , 0 , 0 , 0 , 0 , 0 , 0 , 0 
db 0 , 0 , 0 , 0 , 0 , 0 , 0 , 0 
db 0 , 0 , 0 , 55 , 59 , 0 , 0 , 0 
db 0 , 0 , 17 , 63 , 63 , 34 , 0 , 0 
db 0 , 0 , 21 , 55 , 63 , 42 , 0 , 0 
db 0 , 0 , 51 , 63 , 59 , 59 , 0 , 0 
db 0 , 0 , 59 , 63 , 59 , 63 , 0 , 0 
db 0 , 0 , 63 , 63 , 63 , 63 , 0 , 0 
db 0 , 0 , 55 , 63 , 51 , 55 , 0 , 0 
db 0 , 0 , 51 , 51 , 51 , 51 , 0 , 0 
db 0 , 0 , 51 , 5 , 10 , 27 , 0 , 0 
db 0 , 0 , 5 , 0 , 27 , 15 , 0 , 0 
db 0 , 0 , 10 , 0 , 27 , 5 , 0 , 0 
db 0 , 0 , 10 , 0 , 27 , 5 , 0 , 0 
db 0 , 0 , 138 , 17 , 10 , 37 , 0 , 0 
db 0 , 0 , 16 , 16 , 34 , 0 , 0 , 0 
db 0 , 0 , 0 , 0 , 0 , 0 , 0 , 0 
db 0 , 0 , 0 , 0 , 0 , 0 , 0 , 0 
db 0 , 0 , 0 , 0 , 0 , 0 , 0 , 0 
db 0 , 0 , 0 , 0 , 0 , 0 , 0 , 0 
db 0 , 0 , 0 , 0 , 0 , 0 , 0 , 0 
db 0 , 0 , 0 , 0 , 0 , 0 , 0 , 0 
;------ END IMAGE --------
;------ BEGIN IMAGE --------
db 8 ; ancho
db 24 ; alto
db 0 , 0 , 0 , 0 , 0 , 0 , 0 , 0 
db 0 , 0 , 0 , 0 , 0 , 0 , 0 , 0 
db 0 , 0 , 0 , 0 , 0 , 0 , 0 , 0 
db 0 , 0 , 0 , 0 , 0 , 0 , 0 , 0 
db 0 , 0 , 0 , 55 , 59 , 0 , 0 , 0 
db 0 , 0 , 17 , 63 , 63 , 34 , 0 , 0 
db 0 , 0 , 21 , 55 , 63 , 42 , 0 , 0 
db 0 , 0 , 51 , 63 , 59 , 59 , 0 , 0 
db 0 , 0 , 59 , 63 , 59 , 63 , 0 , 0 
db 0 , 0 , 63 , 63 , 63 , 63 , 0 , 0 
db 0 , 0 , 55 , 63 , 51 , 55 , 0 , 0 
db 0 , 0 , 51 , 51 , 51 , 51 , 0 , 0 
db 0 , 0 , 51 , 5 , 10 , 27 , 0 , 0 
db 0 , 0 , 5 , 0 , 27 , 10 , 0 , 0 
db 0 , 0 , 5 , 0 , 27 , 10 , 0 , 0 
db 0 , 0 , 5 , 0 , 27 , 27 , 0 , 0 
db 0 , 0 , 39 , 17 , 10 , 39 , 0 , 0 
db 0 , 0 , 27 , 5 , 34 , 39 , 0 , 0 
db 0 , 0 , 10 , 5 , 0 , 5 , 0 , 0 
db 0 , 0 , 32 , 16 , 0 , 16 , 0 , 0 
db 0 , 0 , 0 , 0 , 0 , 0 , 0 , 0 
db 0 , 0 , 0 , 0 , 0 , 0 , 0 , 0 
db 0 , 0 , 0 , 0 , 0 , 0 , 0 , 0 
db 0 , 0 , 0 , 0 , 0 , 0 , 0 , 0 
;------ END IMAGE --------
;------ BEGIN IMAGE --------
db 4 ; ancho
db 16 ; alto
db 0 , 0 , 0 , 0 
db 0 , 0 , 0 , 0 
db 0 , 0 , 20 , 60 
db 0 , 60 , 60 , 60 
db 60 , 0 , 60 , 40 
db 48 , 20 , 60 , 40 
db 56 , 20 , 60 , 40 
db 16 , 32 , 48 , 40 
db 20 , 48 , 48 , 32 
db 0 , 56 , 48 , 32 
db 0 , 20 , 48 , 40 
db 0 , 0 , 48 , 0 
db 0 , 0 , 56 , 0 
db 0 , 0 , 16 , 0 
db 0 , 0 , 20 , 0 
db 0 , 0 , 0 , 0 
;------ END IMAGE --------
;------ BEGIN IMAGE --------
db 20 ; ancho
db 20 ; alto
db 0 , 0 , 0 , 0 , 12 , 0 , 0 , 0 , 8 , 0 , 4 , 8 , 0 , 0 , 0 , 0 , 0 , 0 , 0 , 0 
db 0 , 12 , 12 , 12 , 4 , 8 , 0 , 4 , 12 , 0 , 12 , 12 , 12 , 12 , 12 , 12 , 12 , 8 , 0 , 0 
db 4 , 0 , 0 , 0 , 8 , 4 , 0 , 8 , 0 , 12 , 8 , 0 , 0 , 0 , 0 , 0 , 0 , 4 , 0 , 0 
db 8 , 48 , 48 , 32 , 16 , 32 , 12 , 0 , 32 , 4 , 16 , 48 , 48 , 48 , 48 , 48 , 48 , 4 , 0 , 0 
db 8 , 68 , 204 , 152 , 68 , 32 , 12 , 16 , 152 , 0 , 201 , 195 , 195 , 100 , 195 , 195 , 146 , 4 , 0 , 0 
db 8 , 68 , 204 , 152 , 68 , 136 , 12 , 68 , 204 , 32 , 201 , 195 , 198 , 73 , 195 , 195 , 130 , 4 , 0 , 0 
db 12 , 68 , 0 , 152 , 68 , 136 , 8 , 68 , 68 , 32 , 201 , 130 , 0 , 73 , 195 , 195 , 130 , 4 , 0 , 0 
db 4 , 68 , 0 , 152 , 68 , 170 , 8 , 204 , 68 , 32 , 68 , 48 , 32 , 12 , 76 , 136 , 0 , 8 , 0 , 0 
db 4 , 81 , 204 , 136 , 85 , 170 , 8 , 204 , 68 , 152 , 68 , 204 , 152 , 0 , 93 , 170 , 12 , 0 , 0 , 0 
db 4 , 81 , 63 , 127 , 21 , 42 , 0 , 204 , 100 , 152 , 0 , 204 , 204 , 32 , 29 , 42 , 8 , 0 , 0 , 0 
db 4 , 81 , 0 , 61 , 20 , 40 , 0 , 63 , 21 , 63 , 0 , 0 , 60 , 32 , 28 , 40 , 8 , 0 , 0 , 0 
db 12 , 81 , 0 , 61 , 20 , 56 , 52 , 40 , 0 , 60 , 48 , 48 , 60 , 32 , 28 , 40 , 8 , 0 , 0 , 0 
db 8 , 81 , 0 , 61 , 20 , 60 , 60 , 40 , 8 , 60 , 60 , 60 , 60 , 32 , 28 , 40 , 8 , 0 , 0 , 0 
db 8 , 243 , 243 , 162 , 0 , 60 , 20 , 4 , 12 , 20 , 60 , 60 , 56 , 4 , 28 , 40 , 8 , 0 , 0 , 0 
db 8 , 0 , 0 , 0 , 8 , 0 , 0 , 12 , 12 , 8 , 0 , 0 , 0 , 8 , 8 , 4 , 8 , 0 , 0 , 0 
db 4 , 0 , 0 , 4 , 8 , 0 , 12 , 12 , 12 , 12 , 12 , 12 , 12 , 0 , 4 , 12 , 0 , 0 , 0 , 0 
db 0 , 12 , 12 , 12 , 4 , 12 , 8 , 4 , 12 , 4 , 0 , 0 , 4 , 8 , 0 , 0 , 0 , 0 , 0 , 0 
db 0 , 0 , 4 , 8 , 0 , 4 , 0 , 0 , 8 , 0 , 8 , 0 , 0 , 4 , 0 , 0 , 0 , 0 , 0 , 0 
db 0 , 0 , 8 , 0 , 0 , 8 , 0 , 0 , 0 , 0 , 4 , 0 , 0 , 0 , 0 , 0 , 0 , 0 , 0 , 0 
db 0 , 8 , 0 , 0 , 4 , 0 , 0 , 0 , 8 , 0 , 0 , 8 , 0 , 0 , 4 , 0 , 0 , 0 , 0 , 0 
;------ END IMAGE --------
;------ BEGIN IMAGE --------
db 18 ; ancho
db 21 ; alto
db 0 , 0 , 0 , 4 , 0 , 0 , 0 , 0 , 8 , 0 , 0 , 4 , 0 , 0 , 0 , 0 , 0 , 0 
db 0 , 0 , 0 , 0 , 12 , 0 , 0 , 0 , 8 , 0 , 4 , 8 , 0 , 0 , 0 , 0 , 0 , 0 
db 0 , 12 , 12 , 12 , 4 , 8 , 0 , 4 , 12 , 0 , 12 , 12 , 12 , 12 , 12 , 12 , 12 , 8 
db 4 , 0 , 0 , 0 , 8 , 4 , 0 , 8 , 0 , 12 , 8 , 0 , 0 , 0 , 0 , 0 , 0 , 4 
db 8 , 48 , 48 , 32 , 16 , 32 , 12 , 0 , 32 , 4 , 16 , 48 , 48 , 48 , 48 , 48 , 48 , 4 
db 8 , 68 , 204 , 152 , 68 , 32 , 12 , 16 , 152 , 0 , 201 , 195 , 195 , 100 , 195 , 195 , 146 , 4 
db 8 , 68 , 204 , 152 , 68 , 136 , 12 , 68 , 204 , 32 , 201 , 195 , 198 , 73 , 195 , 195 , 130 , 4 
db 12 , 68 , 0 , 152 , 68 , 136 , 8 , 68 , 68 , 32 , 201 , 130 , 0 , 73 , 195 , 195 , 130 , 4 
db 4 , 68 , 0 , 152 , 68 , 170 , 8 , 204 , 68 , 32 , 68 , 48 , 32 , 12 , 76 , 136 , 0 , 8 
db 4 , 81 , 204 , 136 , 85 , 170 , 8 , 204 , 68 , 152 , 68 , 204 , 152 , 0 , 93 , 170 , 12 , 0 
db 4 , 81 , 63 , 127 , 21 , 42 , 0 , 204 , 100 , 152 , 0 , 204 , 204 , 32 , 29 , 42 , 8 , 0 
db 4 , 81 , 0 , 61 , 20 , 40 , 0 , 63 , 21 , 63 , 0 , 0 , 60 , 32 , 28 , 40 , 8 , 0 
db 12 , 81 , 0 , 61 , 20 , 56 , 52 , 40 , 0 , 60 , 48 , 48 , 60 , 32 , 28 , 40 , 8 , 0 
db 8 , 81 , 0 , 61 , 20 , 60 , 60 , 40 , 8 , 60 , 60 , 60 , 60 , 32 , 28 , 40 , 8 , 0 
db 8 , 243 , 243 , 162 , 0 , 60 , 20 , 4 , 12 , 20 , 60 , 60 , 56 , 4 , 28 , 40 , 8 , 0 
db 8 , 0 , 0 , 0 , 8 , 0 , 0 , 12 , 12 , 8 , 0 , 0 , 0 , 8 , 8 , 4 , 8 , 0 
db 4 , 0 , 0 , 4 , 8 , 0 , 12 , 12 , 12 , 12 , 12 , 12 , 12 , 0 , 4 , 12 , 0 , 0 
db 0 , 12 , 12 , 12 , 4 , 12 , 8 , 4 , 12 , 4 , 0 , 0 , 4 , 8 , 0 , 0 , 0 , 0 
db 0 , 0 , 4 , 8 , 0 , 4 , 0 , 0 , 8 , 0 , 8 , 0 , 0 , 4 , 0 , 0 , 0 , 0 
db 0 , 0 , 8 , 0 , 0 , 8 , 0 , 0 , 0 , 0 , 4 , 0 , 0 , 0 , 0 , 0 , 0 , 0 
db 0 , 8 , 0 , 0 , 4 , 0 , 0 , 0 , 8 , 0 , 0 , 8 , 0 , 0 , 4 , 0 , 0 , 0 
;------ END IMAGE --------
;------ BEGIN IMAGE --------
db 10 ; ancho
db 20 ; alto
db 0 , 170 , 0 , 0 , 0 , 0 , 0 , 0 , 85 , 0 
db 0 , 117 , 0 , 0 , 0 , 0 , 0 , 0 , 186 , 0 
db 0 , 16 , 170 , 0 , 0 , 0 , 0 , 85 , 32 , 0 
db 0 , 1 , 117 , 0 , 85 , 170 , 0 , 186 , 2 , 0 
db 0 , 2 , 16 , 170 , 191 , 127 , 85 , 32 , 1 , 0 
db 0 , 1 , 2 , 117 , 21 , 42 , 186 , 1 , 2 , 0 
db 0 , 1 , 1 , 0 , 1 , 2 , 0 , 2 , 2 , 0 
db 0 , 0 , 2 , 23 , 53 , 58 , 43 , 1 , 0 , 0 
db 0 , 0 , 1 , 23 , 21 , 42 , 43 , 2 , 0 , 0 
db 0 , 0 , 0 , 23 , 63 , 63 , 43 , 0 , 0 , 0 
db 0 , 0 , 0 , 0 , 63 , 63 , 0 , 0 , 0 , 0 
db 0 , 0 , 0 , 63 , 63 , 63 , 63 , 0 , 0 , 0 
db 0 , 0 , 21 , 63 , 42 , 21 , 63 , 42 , 0 , 0 
db 0 , 42 , 63 , 21 , 42 , 21 , 42 , 63 , 21 , 0 
db 0 , 21 , 63 , 21 , 42 , 21 , 42 , 63 , 42 , 0 
db 0 , 21 , 42 , 0 , 63 , 63 , 0 , 21 , 42 , 0 
db 0 , 42 , 42 , 0 , 0 , 0 , 0 , 21 , 21 , 0 
db 0 , 42 , 42 , 0 , 0 , 0 , 0 , 21 , 21 , 0 
db 0 , 0 , 0 , 0 , 0 , 0 , 0 , 0 , 0 , 0 
db 0 , 0 , 0 , 0 , 0 , 0 , 0 , 0 , 0 , 0 
;------ END IMAGE --------
;------ BEGIN IMAGE --------
db 10 ; ancho
db 20 ; alto
db 0 , 0 , 0 , 0 , 0 , 0 , 0 , 0 , 0 , 0 
db 0 , 0 , 0 , 0 , 0 , 0 , 0 , 0 , 0 , 0 
db 0 , 0 , 0 , 0 , 48 , 48 , 0 , 0 , 0 , 0 
db 0 , 0 , 0 , 16 , 0 , 0 , 32 , 0 , 0 , 0 
db 0 , 0 , 0 , 32 , 0 , 0 , 16 , 0 , 0 , 0 
db 0 , 0 , 0 , 32 , 0 , 0 , 16 , 0 , 0 , 0 
db 0 , 0 , 16 , 0 , 0 , 0 , 0 , 32 , 0 , 0 
db 0 , 0 , 16 , 0 , 0 , 0 , 0 , 32 , 0 , 0 
db 0 , 1 , 23 , 8 , 0 , 0 , 4 , 43 , 2 , 0 
db 0 , 23 , 63 , 46 , 12 , 12 , 29 , 63 , 43 , 0 
db 0 , 23 , 63 , 63 , 63 , 63 , 63 , 63 , 43 , 0 
db 0 , 23 , 63 , 63 , 42 , 21 , 63 , 63 , 43 , 0 
db 0 , 23 , 63 , 63 , 63 , 63 , 63 , 63 , 43 , 0 
db 0 , 1 , 63 , 63 , 63 , 63 , 63 , 63 , 2 , 0 
db 0 , 0 , 23 , 63 , 63 , 63 , 63 , 43 , 0 , 0 
db 0 , 0 , 1 , 3 , 23 , 43 , 3 , 2 , 0 , 0 
db 0 , 0 , 0 , 0 , 1 , 2 , 0 , 0 , 0 , 0 
db 0 , 0 , 0 , 0 , 0 , 0 , 0 , 0 , 0 , 0 
db 0 , 0 , 0 , 0 , 0 , 0 , 0 , 0 , 0 , 0 
db 0 , 0 , 0 , 0 , 0 , 0 , 0 , 0 , 0 , 0 
;------ END IMAGE --------
;------ BEGIN IMAGE --------
db 10 ; ancho
db 20 ; alto
db 0 , 0 , 0 , 0 , 0 , 0 , 0 , 0 , 0 , 0 
db 0 , 0 , 0 , 0 , 0 , 0 , 0 , 0 , 0 , 0 
db 0 , 0 , 0 , 0 , 0 , 0 , 0 , 0 , 0 , 0 
db 0 , 0 , 16 , 40 , 0 , 0 , 20 , 32 , 0 , 0 
db 0 , 32 , 20 , 52 , 1 , 2 , 56 , 40 , 16 , 0 
db 0 , 52 , 20 , 52 , 0 , 0 , 56 , 40 , 56 , 0 
db 0 , 52 , 0 , 56 , 56 , 52 , 52 , 0 , 56 , 0 
db 0 , 56 , 40 , 20 , 53 , 58 , 40 , 20 , 52 , 0 
db 0 , 20 , 52 , 0 , 15 , 15 , 0 , 56 , 40 , 0 
db 0 , 20 , 52 , 0 , 5 , 10 , 0 , 56 , 40 , 0 
db 0 , 0 , 56 , 48 , 37 , 26 , 48 , 52 , 0 , 0 
db 0 , 0 , 60 , 56 , 47 , 31 , 52 , 60 , 0 , 0 
db 0 , 40 , 20 , 60 , 45 , 30 , 60 , 40 , 20 , 0 
db 0 , 32 , 20 , 48 , 37 , 26 , 48 , 40 , 16 , 0 
db 0 , 52 , 56 , 52 , 39 , 27 , 56 , 52 , 56 , 0 
db 0 , 48 , 48 , 40 , 34 , 51 , 20 , 48 , 48 , 0 
db 0 , 56 , 52 , 0 , 37 , 26 , 0 , 56 , 52 , 0 
db 0 , 20 , 40 , 0 , 21 , 42 , 0 , 20 , 40 , 0 
db 0 , 0 , 0 , 0 , 1 , 2 , 0 , 0 , 0 , 0 
db 0 , 0 , 0 , 0 , 0 , 0 , 0 , 0 , 0 , 0 
;------ END IMAGE --------
;------ BEGIN IMAGE --------
db 10 ; ancho
db 20 ; alto
db 0 , 0 , 0 , 0 , 0 , 0 , 0 , 0 , 0 , 0 
db 0 , 0 , 0 , 0 , 0 , 0 , 0 , 0 , 0 , 0 
db 0 , 0 , 0 , 0 , 0 , 0 , 0 , 0 , 0 , 0 
db 0 , 0 , 0 , 0 , 0 , 0 , 0 , 0 , 0 , 0 
db 0 , 0 , 0 , 0 , 0 , 0 , 0 , 0 , 0 , 0 
db 0 , 0 , 0 , 0 , 20 , 40 , 0 , 0 , 0 , 0 
db 0 , 0 , 0 , 0 , 44 , 28 , 0 , 0 , 0 , 0 
db 0 , 0 , 0 , 20 , 72 , 36 , 40 , 0 , 0 , 0 
db 0 , 0 , 0 , 20 , 192 , 48 , 40 , 0 , 0 , 0 
db 0 , 0 , 20 , 56 , 144 , 48 , 52 , 40 , 0 , 0 
db 0 , 0 , 45 , 15 , 144 , 48 , 15 , 30 , 0 , 0 
db 0 , 20 , 15 , 15 , 56 , 52 , 15 , 15 , 40 , 0 
db 0 , 37 , 15 , 55 , 15 , 15 , 59 , 15 , 26 , 0 
db 0 , 20 , 15 , 59 , 31 , 47 , 55 , 15 , 40 , 0 
db 0 , 0 , 45 , 55 , 34 , 17 , 59 , 30 , 0 , 0 
db 0 , 0 , 52 , 27 , 10 , 5 , 39 , 56 , 0 , 0 
db 0 , 16 , 2 , 45 , 10 , 5 , 30 , 1 , 32 , 0 
db 0 , 1 , 0 , 20 , 10 , 5 , 40 , 0 , 2 , 0 
db 0 , 0 , 0 , 0 , 32 , 16 , 0 , 0 , 0 , 0 
db 0 , 0 , 0 , 0 , 0 , 0 , 0 , 0 , 0 , 0 
;------ END IMAGE --------
8*****