;------ BEGIN IMAGE --------
db 8 ; ancho
db 24 ; alto
db 0 , 0 , 0 , 48 , 192 , 0 , 0 , 0 
db 0 , 0 , 0 , 224 , 112 , 0 , 0 , 0 
db 0 , 0 , 48 , 80 , 160 , 192 , 0 , 0 
db 0 , 0 , 224 , 160 , 80 , 112 , 0 , 0 
db 0 , 48 , 80 , 80 , 160 , 160 , 192 , 0 
db 0 , 224 , 160 , 160 , 80 , 80 , 112 , 0 
db 48 , 80 , 80 , 80 , 160 , 160 , 160 , 192 
db 192 , 160 , 160 , 160 , 80 , 80 , 80 , 48 
db 176 , 80 , 80 , 80 , 160 , 160 , 160 , 208 
db 128 , 224 , 160 , 160 , 80 , 80 , 112 , 16 
db 128 , 48 , 80 , 80 , 160 , 160 , 192 , 16 
db 128 , 0 , 224 , 160 , 80 , 112 , 0 , 16 
db 128 , 0 , 48 , 80 , 160 , 192 , 0 , 16 
db 128 , 0 , 0 , 224 , 112 , 0 , 0 , 16 
db 128 , 0 , 0 , 48 , 192 , 0 , 0 , 16 
db 128 , 0 , 0 , 16 , 128 , 0 , 0 , 16 
db 192 , 0 , 0 , 16 , 128 , 0 , 0 , 48 
db 48 , 0 , 0 , 16 , 128 , 0 , 0 , 192 
db 0 , 192 , 0 , 16 , 128 , 0 , 48 , 0 
db 0 , 48 , 0 , 16 , 128 , 0 , 192 , 0 
db 0 , 0 , 192 , 16 , 128 , 48 , 0 , 0 
db 0 , 0 , 48 , 16 , 128 , 192 , 0 , 0 
db 0 , 0 , 0 , 208 , 176 , 0 , 0 , 0 
db 0 , 0 , 0 , 48 , 192 , 0 , 0 , 0 
;------ END IMAGE --------
;------ BEGIN IMAGE --------
db 8 ; ancho
db 24 ; alto
db 0 , 0 , 0 , 3 , 12 , 0 , 0 , 0 
db 0 , 0 , 0 , 15 , 15 , 0 , 0 , 0 
db 0 , 0 , 3 , 15 , 15 , 12 , 0 , 0 
db 0 , 0 , 15 , 15 , 15 , 15 , 0 , 0 
db 0 , 3 , 15 , 15 , 15 , 15 , 12 , 0 
db 0 , 15 , 15 , 15 , 15 , 15 , 15 , 0 
db 3 , 15 , 15 , 15 , 15 , 15 , 15 , 12 
db 15 , 15 , 15 , 15 , 15 , 15 , 15 , 15 
db 11 , 15 , 15 , 15 , 15 , 15 , 15 , 13 
db 8 , 15 , 15 , 15 , 15 , 15 , 15 , 1 
db 8 , 3 , 15 , 15 , 15 , 15 , 12 , 1 
db 8 , 0 , 15 , 15 , 15 , 15 , 0 , 1 
db 8 , 0 , 3 , 15 , 15 , 12 , 0 , 1 
db 8 , 0 , 0 , 15 , 15 , 0 , 0 , 1 
db 8 , 0 , 0 , 3 , 12 , 0 , 0 , 1 
db 8 , 0 , 0 , 1 , 8 , 0 , 0 , 1 
db 8 , 0 , 0 , 1 , 8 , 0 , 0 , 1 
db 6 , 0 , 0 , 1 , 8 , 0 , 0 , 6 
db 1 , 8 , 0 , 1 , 8 , 0 , 1 , 8 
db 0 , 6 , 0 , 1 , 8 , 0 , 6 , 0 
db 0 , 1 , 8 , 1 , 8 , 1 , 8 , 0 
db 0 , 0 , 6 , 1 , 8 , 6 , 0 , 0 
db 0 , 0 , 1 , 9 , 9 , 8 , 0 , 0 
db 0 , 0 , 0 , 7 , 14 , 0 , 0 , 0 
;------ END IMAGE --------
;------ BEGIN IMAGE --------
db 10 ; ancho
db 26 ; alto
db 240 , 240 , 240 , 240 , 0 , 0 , 240 , 240 , 240 , 240 
db 240 , 240 , 240 , 192 , 3 , 12 , 48 , 240 , 240 , 240 
db 240 , 240 , 240 , 0 , 15 , 15 , 0 , 240 , 240 , 240 
db 240 , 240 , 192 , 3 , 15 , 15 , 12 , 48 , 240 , 240 
db 240 , 240 , 0 , 15 , 15 , 15 , 15 , 0 , 240 , 240 
db 240 , 192 , 3 , 15 , 15 , 15 , 15 , 12 , 48 , 240 
db 240 , 0 , 15 , 15 , 15 , 15 , 15 , 15 , 0 , 240 
db 224 , 3 , 15 , 15 , 15 , 15 , 15 , 15 , 12 , 112 
db 0 , 15 , 15 , 15 , 15 , 15 , 15 , 15 , 15 , 0 
db 0 , 11 , 15 , 15 , 15 , 15 , 15 , 15 , 13 , 0 
db 0 , 8 , 15 , 15 , 15 , 15 , 15 , 15 , 1 , 0 
db 0 , 8 , 3 , 15 , 15 , 15 , 15 , 12 , 1 , 0 
db 0 , 8 , 0 , 15 , 15 , 15 , 15 , 0 , 1 , 0 
db 0 , 8 , 0 , 3 , 15 , 15 , 12 , 0 , 1 , 0 
db 0 , 8 , 0 , 0 , 15 , 15 , 0 , 0 , 1 , 0 
db 0 , 8 , 0 , 0 , 3 , 12 , 0 , 0 , 1 , 0 
db 0 , 8 , 0 , 0 , 1 , 8 , 0 , 0 , 1 , 0 
db 0 , 8 , 0 , 0 , 1 , 8 , 0 , 0 , 1 , 0 
db 0 , 6 , 0 , 0 , 1 , 8 , 0 , 0 , 6 , 0 
db 0 , 1 , 8 , 0 , 1 , 8 , 0 , 1 , 8 , 0 
db 240 , 128 , 6 , 0 , 1 , 8 , 0 , 6 , 16 , 240 
db 240 , 224 , 1 , 8 , 1 , 8 , 1 , 8 , 112 , 240 
db 240 , 240 , 128 , 6 , 1 , 8 , 6 , 16 , 240 , 240 
db 240 , 240 , 224 , 1 , 9 , 9 , 8 , 112 , 240 , 240 
db 240 , 240 , 240 , 128 , 7 , 14 , 16 , 240 , 240 , 240 
db 240 , 240 , 240 , 240 , 0 , 0 , 240 , 240 , 240 , 240 
;------ END IMAGE --------
;------ BEGIN IMAGE --------
db 10 ; ancho
db 26 ; alto
db 240 , 240 , 240 , 192 , 0 , 0 , 48 , 240 , 240 , 240 
db 240 , 240 , 240 , 0 , 3 , 12 , 0 , 240 , 240 , 240 
db 240 , 240 , 192 , 0 , 15 , 15 , 0 , 48 , 240 , 240 
db 240 , 240 , 0 , 3 , 15 , 15 , 12 , 0 , 240 , 240 
db 240 , 192 , 0 , 15 , 15 , 15 , 15 , 0 , 48 , 240 
db 240 , 0 , 3 , 15 , 15 , 15 , 15 , 12 , 0 , 240 
db 192 , 0 , 15 , 15 , 15 , 15 , 15 , 15 , 0 , 48 
db 0 , 3 , 15 , 15 , 15 , 15 , 15 , 15 , 12 , 0 
db 0 , 15 , 15 , 15 , 15 , 15 , 15 , 15 , 15 , 0 
db 0 , 11 , 15 , 15 , 15 , 15 , 15 , 15 , 13 , 0 
db 0 , 8 , 15 , 15 , 15 , 15 , 15 , 15 , 1 , 0 
db 0 , 8 , 3 , 15 , 15 , 15 , 15 , 12 , 1 , 0 
db 0 , 8 , 0 , 15 , 15 , 15 , 15 , 0 , 1 , 0 
db 0 , 8 , 0 , 3 , 15 , 15 , 12 , 0 , 1 , 0 
db 0 , 8 , 0 , 0 , 15 , 15 , 0 , 0 , 1 , 0 
db 0 , 8 , 0 , 0 , 3 , 12 , 0 , 0 , 1 , 0 
db 0 , 8 , 0 , 0 , 1 , 8 , 0 , 0 , 1 , 0 
db 0 , 8 , 0 , 0 , 1 , 8 , 0 , 0 , 1 , 0 
db 0 , 6 , 0 , 0 , 1 , 8 , 0 , 0 , 6 , 0 
db 0 , 1 , 8 , 0 , 1 , 8 , 0 , 1 , 8 , 0 
db 224 , 0 , 6 , 0 , 1 , 8 , 0 , 6 , 0 , 112 
db 240 , 128 , 1 , 8 , 1 , 8 , 1 , 8 , 16 , 240 
db 240 , 224 , 0 , 6 , 1 , 8 , 6 , 0 , 112 , 240 
db 240 , 240 , 128 , 1 , 9 , 9 , 8 , 16 , 240 , 240 
db 240 , 240 , 224 , 0 , 7 , 14 , 0 , 112 , 240 , 240 
db 240 , 240 , 240 , 128 , 0 , 0 , 16 , 240 , 240 , 240 
;------ END IMAGE --------
;------ BEGIN IMAGE --------
db 10 ; ancho
db 26 ; alto
db 240 , 240 , 240 , 0 , 0 , 0 , 0 , 240 , 240 , 240 
db 240 , 240 , 192 , 0 , 3 , 12 , 0 , 48 , 240 , 240 
db 240 , 240 , 0 , 0 , 15 , 15 , 0 , 0 , 240 , 240 
db 240 , 192 , 0 , 3 , 15 , 15 , 12 , 0 , 48 , 240 
db 240 , 0 , 0 , 15 , 15 , 15 , 15 , 0 , 0 , 240 
db 192 , 0 , 3 , 15 , 15 , 15 , 15 , 12 , 0 , 48 
db 0 , 0 , 15 , 15 , 15 , 15 , 15 , 15 , 0 , 0 
db 0 , 3 , 15 , 15 , 15 , 15 , 15 , 15 , 12 , 0 
db 0 , 15 , 15 , 15 , 15 , 15 , 15 , 15 , 15 , 0 
db 0 , 11 , 15 , 15 , 15 , 15 , 15 , 15 , 13 , 0 
db 0 , 8 , 15 , 15 , 15 , 15 , 15 , 15 , 1 , 0 
db 0 , 8 , 3 , 15 , 15 , 15 , 15 , 12 , 1 , 0 
db 0 , 8 , 0 , 15 , 15 , 15 , 15 , 0 , 1 , 0 
db 0 , 8 , 0 , 3 , 15 , 15 , 12 , 0 , 1 , 0 
db 0 , 8 , 0 , 0 , 15 , 15 , 0 , 0 , 1 , 0 
db 0 , 8 , 0 , 0 , 3 , 12 , 0 , 0 , 1 , 0 
db 0 , 8 , 0 , 0 , 1 , 8 , 0 , 0 , 1 , 0 
db 0 , 8 , 0 , 0 , 1 , 8 , 0 , 0 , 1 , 0 
db 0 , 6 , 0 , 0 , 1 , 8 , 0 , 0 , 6 , 0 
db 0 , 1 , 8 , 0 , 1 , 8 , 0 , 1 , 8 , 0 
db 192 , 0 , 6 , 0 , 1 , 8 , 0 , 6 , 0 , 48 
db 240 , 0 , 1 , 8 , 1 , 8 , 1 , 8 , 0 , 240 
db 240 , 192 , 0 , 6 , 1 , 8 , 6 , 0 , 48 , 240 
db 240 , 240 , 0 , 1 , 9 , 9 , 8 , 0 , 240 , 240 
db 240 , 240 , 192 , 0 , 7 , 14 , 0 , 48 , 240 , 240 
db 240 , 240 , 240 , 0 , 0 , 0 , 0 , 240 , 240 , 240 
;------ END IMAGE --------
	;------ BEGIN IMAGE --------
db 5 ; ancho
db 20 ; alto
db 0 , 0 , 0 , 0 , 0 
db 0 , 0 , 0 , 0 , 0 
db 0 , 0 , 0 , 0 , 0 
db 0 , 0 , 0 , 0 , 0 
db 0 , 0 , 0 , 0 , 0 
db 0 , 0 , 12 , 0 , 0 
db 0 , 4 , 12 , 8 , 0 
db 0 , 4 , 12 , 8 , 0 
db 0 , 12 , 12 , 12 , 0 
db 0 , 12 , 12 , 12 , 0 
db 0 , 12 , 12 , 12 , 0 
db 0 , 12 , 12 , 12 , 0 
db 0 , 4 , 12 , 8 , 0 
db 0 , 4 , 12 , 8 , 0 
db 0 , 0 , 12 , 0 , 0 
db 0 , 0 , 0 , 0 , 0 
db 0 , 0 , 0 , 0 , 0 
db 0 , 0 , 0 , 0 , 0 
db 0 , 0 , 0 , 0 , 0 
db 0 , 0 , 0 , 0 , 0 
;------ END IMAGE --------
