;------ BEGIN SPRITE --------
db 2 ; ancho
db 8 ; alto
db 132 , 0 
db 202 , 8 
db 205 , 132 
db 68 , 202 
db 68 , 202 
db 205 , 132 
db 202 , 8 
db 132 , 0 
;------ END SPRITE --------
;------ BEGIN SPRITE --------
db 2 ; ancho
db 8 ; alto
db 0 , 0 
db 0 , 0 
db 0 , 0 
db 0 , 0 
db 0 , 0 
db 0 , 0 
db 0 , 0 
db 0 , 0 
;------ END SPRITE --------
;------ BEGIN SPRITE --------
db 4 ; ancho
db 2 ; alto
db 0 , 0 , 14 , 24 
db 0 , 0 , 14 , 12 
;------ END SPRITE --------
;------ BEGIN SPRITE --------
db 8 ; ancho
db 18 ; alto
db 0 , 0 , 0 , 0 , 0 , 0 , 0 , 0 
db 0 , 0 , 0 , 0 , 0 , 0 , 0 , 0 
db 0 , 0 , 1 , 32 , 0 , 16 , 2 , 0 
db 0 , 0 , 1 , 18 , 0 , 33 , 3 , 0 
db 0 , 0 , 0 , 18 , 16 , 3 , 41 , 0 
db 0 , 1 , 2 , 1 , 16 , 22 , 3 , 0 
db 0 , 3 , 3 , 1 , 3 , 3 , 40 , 0 
db 0 , 1 , 33 , 40 , 33 , 22 , 2 , 0 
db 69 , 139 , 3 , 3 , 3 , 3 , 0 , 0 
db 237 , 207 , 3 , 3 , 22 , 22 , 0 , 0 
db 207 , 207 , 2 , 3 , 3 , 41 , 41 , 0 
db 207 , 65 , 0 , 1 , 3 , 3 , 3 , 0 
db 138 , 130 , 0 , 0 , 3 , 1 , 2 , 0 
db 138 , 0 , 0 , 0 , 69 , 69 , 0 , 0 
db 0 , 0 , 0 , 0 , 0 , 138 , 207 , 0 
db 0 , 0 , 0 , 0 , 0 , 138 , 69 , 0 
db 0 , 0 , 0 , 0 , 0 , 0 , 0 , 0 
db 0 , 0 , 0 , 0 , 0 , 0 , 0 , 0 
;------ END SPRITE --------
;------ BEGIN SPRITE --------
db 8 ; ancho
db 18 ; alto
db 0 , 0 , 0 , 0 , 0 , 0 , 0 , 0 
db 0 , 0 , 0 , 0 , 0 , 0 , 0 , 0 
db 0 , 0 , 0 , 0 , 0 , 0 , 0 , 0 
db 0 , 0 , 0 , 0 , 0 , 0 , 0 , 0 
db 0 , 0 , 0 , 0 , 0 , 0 , 0 , 0 
db 0 , 1 , 2 , 0 , 1 , 3 , 0 , 0 
db 0 , 3 , 3 , 1 , 3 , 3 , 2 , 0 
db 0 , 1 , 33 , 41 , 33 , 3 , 3 , 0 
db 69 , 139 , 3 , 18 , 3 , 3 , 2 , 0 
db 237 , 207 , 3 , 18 , 3 , 3 , 0 , 0 
db 207 , 207 , 2 , 3 , 3 , 3 , 2 , 0 
db 207 , 65 , 0 , 1 , 33 , 3 , 1 , 0 
db 138 , 130 , 0 , 0 , 18 , 2 , 2 , 0 
db 138 , 0 , 0 , 0 , 16 , 3 , 1 , 0 
db 0 , 0 , 0 , 0 , 0 , 33 , 2 , 0 
db 0 , 0 , 0 , 0 , 0 , 16 , 3 , 0 
db 0 , 0 , 0 , 0 , 0 , 0 , 33 , 0 
db 0 , 0 , 0 , 0 , 0 , 0 , 0 , 0 
;------ END SPRITE --------
;------ BEGIN SPRITE --------
db 8 ; ancho
db 18 ; alto
db 0 , 0 , 0 , 0 , 0 , 0 , 0 , 0 
db 0 , 0 , 0 , 0 , 0 , 0 , 1 , 0 
db 0 , 1 , 2 , 0 , 0 , 0 , 3 , 0 
db 0 , 3 , 3 , 0 , 1 , 0 , 3 , 0 
db 0 , 1 , 33 , 41 , 33 , 3 , 3 , 0 
db 69 , 139 , 3 , 18 , 3 , 3 , 2 , 0 
db 237 , 207 , 3 , 18 , 3 , 3 , 0 , 0 
db 207 , 207 , 2 , 18 , 3 , 22 , 0 , 0 
db 207 , 65 , 0 , 16 , 3 , 2 , 0 , 0 
db 138 , 130 , 0 , 16 , 3 , 3 , 0 , 0 
db 138 , 0 , 0 , 0 , 3 , 2 , 0 , 0 
db 0 , 0 , 0 , 0 , 33 , 3 , 0 , 0 
db 0 , 0 , 0 , 0 , 33 , 2 , 0 , 0 
db 0 , 0 , 0 , 0 , 33 , 3 , 0 , 0 
db 0 , 0 , 0 , 0 , 16 , 3 , 2 , 0 
db 0 , 0 , 0 , 0 , 16 , 3 , 0 , 0 
db 0 , 0 , 0 , 0 , 0 , 0 , 0 , 0 
db 0 , 0 , 0 , 0 , 0 , 0 , 0 , 0 
;------ END SPRITE --------
;------ BEGIN SPRITE --------
db 8 ; ancho
db 18 ; alto
db 0 , 0 , 0 , 0 , 0 , 0 , 0 , 0 
db 0 , 0 , 0 , 0 , 0 , 0 , 0 , 0 
db 0 , 1 , 2 , 0 , 0 , 0 , 0 , 0 
db 0 , 3 , 3 , 0 , 0 , 0 , 0 , 0 
db 0 , 1 , 33 , 41 , 3 , 0 , 0 , 0 
db 69 , 139 , 3 , 3 , 3 , 2 , 0 , 0 
db 237 , 207 , 3 , 3 , 3 , 3 , 0 , 0 
db 207 , 207 , 2 , 3 , 3 , 3 , 2 , 0 
db 207 , 65 , 0 , 1 , 3 , 3 , 3 , 0 
db 138 , 130 , 0 , 1 , 3 , 3 , 1 , 0 
db 138 , 0 , 0 , 0 , 3 , 2 , 0 , 0 
db 0 , 0 , 0 , 0 , 3 , 3 , 0 , 0 
db 0 , 0 , 0 , 0 , 3 , 2 , 0 , 0 
db 0 , 0 , 0 , 0 , 3 , 3 , 0 , 0 
db 0 , 0 , 0 , 0 , 1 , 3 , 2 , 0 
db 0 , 0 , 0 , 0 , 1 , 3 , 0 , 0 
db 0 , 0 , 0 , 0 , 0 , 0 , 0 , 0 
db 0 , 0 , 0 , 0 , 0 , 0 , 0 , 0 
;------ END SPRITE --------
,;------ BEGIN SPRITE --------
db 4 ; ancho
db 16 ; alto
db 0 , 0 , 0 , 0 
db 0 , 0 , 0 , 0 
db 0 , 0 , 0 , 0 
db 0 , 0 , 0 , 0 
db 0 , 16 , 32 , 0 
db 0 , 16 , 32 , 0 
db 0 , 16 , 32 , 0 
db 0 , 0 , 0 , 0 
db 0 , 0 , 0 , 0 
db 0 , 0 , 0 , 0 
db 0 , 0 , 0 , 0 
db 0 , 0 , 0 , 0 
db 0 , 0 , 0 , 0 
db 0 , 0 , 0 , 0 
db 0 , 0 , 0 , 0 
db 0 , 0 , 0 , 0 
;------ END SPRITE --------
;------ BEGIN SPRITE --------
db 4 ; ancho
db 8 ; alto
db 3 , 3 , 3 , 83 
db 1 , 3 , 3 , 243 
db 0 , 3 , 83 , 243 
db 0 , 1 , 243 , 243 
db 0 , 0 , 211 , 243 
db 0 , 195 , 195 , 243 
db 65 , 195 , 195 , 211 
db 195 , 195 , 195 , 195 
;------ END SPRITE --------
;------ BEGIN SPRITE --------
db 30 ; ancho
db 8 ; alto
db 19 , 0 , 1 , 34 , 51 , 17 , 51 , 35 , 19 , 35 , 51 , 51 , 0 , 51 , 1 , 34 , 0 , 0 , 0 , 0 , 0 , 0 , 0 , 0 , 0 , 0 , 0 , 0 , 0 ,
 0 
db 19 , 34 , 1 , 34 , 19 , 0 , 34 , 19 , 1 , 34 , 19 , 1 , 34 , 51 , 1 , 34 , 0 , 0 , 0 , 0 , 0 , 0 , 0 , 0 , 0 , 0 , 0 , 0 , 0 , 0 
db 19 , 51 , 1 , 34 , 19 , 0 , 34 , 19 , 1 , 34 , 19 , 1 , 34 , 50 , 1 , 34 , 0 , 0 , 0 , 0 , 0 , 0 , 0 , 0 , 0 , 0 , 0 , 0 , 0 , 0 
db 18 , 48 , 51 , 32 , 18 , 0 , 50 , 32 , 1 , 34 , 18 , 48 , 0 , 100 , 1 , 32 , 0 , 0 , 0 , 0 , 0 , 0 , 0 , 0 , 0 , 0 , 0 , 0 , 0 ,
 0 
db 70 , 204 , 49 , 136 , 70 , 0 , 32 , 18 , 1 , 32 , 70 , 204 , 2 , 204 , 1 , 136 , 0 , 0 , 0 , 0 , 0 , 0 , 0 , 0 , 0 , 0 , 0 , 0 ,
 0 , 0 
db 70 , 68 , 152 , 136 , 70 , 0 , 136 , 70 , 1 , 136 , 70 , 1 , 136 , 204 , 1 , 136 , 0 , 0 , 0 , 0 , 0 , 0 , 0 , 0 , 0 , 0 , 0 , 0 
, 0 , 0 
db 70 , 0 , 204 , 136 , 70 , 0 , 136 , 70 , 1 , 136 , 70 , 1 , 136 , 204 , 1 , 136 , 0 , 0 , 0 , 0 , 0 , 0 , 0 , 0 , 0 , 0 , 0 , 0 ,
 0 , 0 
db 70 , 0 , 68 , 136 , 204 , 68 , 204 , 136 , 68 , 137 , 204 , 1 , 136 , 68 , 204 , 0 , 0 , 0 , 0 , 0 , 0 , 0 , 0 , 0 , 0 , 0 , 0 ,
 0 , 0 , 0 
;------ END SPRITE --------
;------ BEGIN SPRITE --------
db 4 ; ancho
db 8 ; alto
db 71 , 207 , 18 , 48 
db 33 , 207 , 139 , 178 
db 48 , 86 , 252 , 18 
db 48 , 33 , 252 , 169 
db 51 , 35 , 252 , 169 
db 51 , 70 , 204 , 19 
db 35 , 204 , 137 , 51 
db 70 , 204 , 3 , 3 
;------ END SPRITE --------
;------ BEGIN SPRITE --------
db 4 ; ancho
db 8 ; alto
db 164 , 12 , 229 , 229 
db 218 , 12 , 88 , 218 
db 229 , 165 , 15 , 229 
db 218 , 218 , 15 , 90 
db 244 , 248 , 60 , 120 
db 252 , 180 , 60 , 244 
db 248 , 60 , 120 , 252 
db 180 , 60 , 161 , 3 
;------ END SPRITE --------
' ------ BEGIN PALETA --------
INK  0 , 0 
INK  1 , 24 
INK  2 , 20 
INK  3 , 6 
INK  4 , 26 
INK  5 , 0 
INK  6 , 2 
INK  7 , 8 
INK  8 , 10 
INK  9 , 12 
INK  10 , 14 
INK  11 , 16 
INK  12 , 18 
INK  13 , 22 
INK  14 , 0 
INK  15 , 11 
' ------ END PALETA --------
' ------ BEGIN PALETA --------
INK  0 , 0 
INK  1 , 24 
INK  2 , 20 
INK  3 , 6 
INK  4 , 26 
INK  5 , 0 
INK  6 , 2 
INK  7 , 8 
INK  8 , 10 
INK  9 , 12 
INK  10 , 14 
INK  11 , 16 
INK  12 , 18 
INK  13 , 22 
INK  14 , 0 
INK  15 , 11 
' ------ END PALETA --------
' ------ BEGIN PALETA --------
INK  0 , 0 
INK  1 , 24 
INK  2 , 20 
INK  3 , 6 
INK  4 , 26 
INK  5 , 0 
INK  6 , 2 
INK  7 , 8 
INK  8 , 10 
INK  9 , 12 
INK  10 , 14 
INK  11 , 16 
INK  12 , 18 
INK  13 , 22 
INK  14 , 0 
INK  15 , 11 
' ------ END PALETA --------
;------ BEGIN SPRITE --------
db 16 ; ancho
db 8 ; alto
db 12 , 12 , 8 , 8 , 4 , 12 , 8 , 4 , 0 , 12 , 12 , 0 , 8 , 0 , 8 , 0 
db 8 , 0 , 8 , 8 , 4 , 0 , 8 , 4 , 0 , 8 , 4 , 0 , 8 , 0 , 8 , 0 
db 8 , 0 , 8 , 8 , 4 , 0 , 8 , 4 , 0 , 8 , 4 , 0 , 8 , 0 , 8 , 0 
db 8 , 0 , 8 , 8 , 4 , 12 , 12 , 4 , 0 , 12 , 12 , 8 , 8 , 0 , 8 , 0 
db 12 , 0 , 8 , 12 , 16 , 8 , 4 , 4 , 8 , 12 , 0 , 8 , 24 , 0 , 32 , 0 
db 48 , 0 , 32 , 36 , 16 , 32 , 16 , 16 , 32 , 48 , 0 , 32 , 48 , 0 , 32 , 0 
db 48 , 0 , 32 , 48 , 16 , 32 , 16 , 16 , 32 , 48 , 0 , 32 , 48 , 0 , 32 , 0 
db 48 , 0 , 32 , 48 , 16 , 48 , 48 , 16 , 32 , 48 , 0 , 32 , 48 , 48 , 32 , 0 
;------ END SPRITE --------
?;------ BEGIN SPRITE --------
db 12 ; ancho
db 2 ; alto
db 0 , 0 , 0 , 0 , 0 , 0 , 220 , 237 , 207 , 202 , 144 , 48 
db 0 , 0 , 0 , 0 , 0 , 0 , 220 , 237 , 207 , 202 , 144 , 48 
;------ END SPRITE --------
z;------ BEGIN SPRITE --------
db 6 ; ancho
db 7 ; alto
db 0 , 0 , 0 , 0 , 0 , 0 
db 0 , 0 , 0 , 0 , 0 , 0 
db 0 , 0 , 152 , 136 , 0 , 0 
db 0 , 0 , 53 , 32 , 0 , 0 
db 0 , 0 , 152 , 136 , 0 , 0 
db 0 , 0 , 0 , 0 , 0 , 0 
db 0 , 0 , 0 , 0 , 0 , 0 
;------ END SPRITE --------
;------ BEGIN SPRITE --------
db 6 ; ancho
db 7 ; alto
db 0 , 0 , 0 , 0 , 0 , 0 
db 0 , 0 , 0 , 0 , 0 , 0 
db 0 , 0 , 16 , 32 , 0 , 0 
db 0 , 0 , 100 , 152 , 0 , 0 
db 0 , 0 , 16 , 32 , 0 , 0 
db 0 , 0 , 0 , 0 , 0 , 0 
db 0 , 0 , 0 , 0 , 0 , 0 
;------ END SPRITE --------
;------ BEGIN SPRITE --------
db 30 ; ancho
db 16 ; alto
db 0 , 48 , 48 , 48 , 48 , 48 , 32 , 48 , 48 , 48 , 48 , 48 , 16 , 48 , 48 , 48 , 48 , 48 , 48 , 48 , 16 , 48 , 48 , 48 , 32 , 48 ,
 48 , 48 , 48 , 0 
db 16 , 48 , 0 , 32 , 48 , 48 , 48 , 16 , 48 , 48 , 48 , 0 , 32 , 0 , 0 , 0 , 0 , 0 , 0 , 0 , 32 , 0 , 0 , 0 , 16 , 0 , 0 , 0 , 0 ,
 32 
db 48 , 16 , 48 , 48 , 48 , 48 , 48 , 16 , 0 , 0 , 0 , 0 , 0 , 0 , 0 , 0 , 0 , 0 , 0 , 0 , 0 , 0 , 0 , 0 , 0 , 0 , 0 , 0 , 0 , 16 
db 48 , 32 , 0 , 0 , 0 , 0 , 0 , 0 , 0 , 0 , 0 , 0 , 0 , 0 , 0 , 0 , 0 , 0 , 0 , 0 , 0 , 0 , 0 , 0 , 0 , 0 , 0 , 0 , 0 , 16 
db 48 , 32 , 0 , 0 , 0 , 0 , 0 , 0 , 0 , 0 , 0 , 0 , 0 , 0 , 0 , 0 , 0 , 0 , 0 , 0 , 0 , 0 , 0 , 0 , 0 , 0 , 0 , 0 , 0 , 16 
db 48 , 32 , 0 , 0 , 0 , 0 , 0 , 0 , 0 , 0 , 0 , 0 , 0 , 0 , 0 , 0 , 0 , 0 , 0 , 0 , 0 , 0 , 0 , 0 , 0 , 0 , 0 , 0 , 0 , 0 
db 0 , 32 , 0 , 0 , 0 , 0 , 0 , 0 , 0 , 0 , 0 , 0 , 0 , 0 , 0 , 0 , 0 , 0 , 0 , 0 , 0 , 0 , 0 , 0 , 0 , 0 , 0 , 0 , 0 , 16 
db 48 , 0 , 0 , 0 , 0 , 0 , 0 , 0 , 0 , 0 , 0 , 0 , 0 , 0 , 0 , 0 , 0 , 0 , 0 , 0 , 0 , 0 , 0 , 0 , 0 , 0 , 0 , 0 , 0 , 16 
db 48 , 32 , 0 , 0 , 0 , 0 , 0 , 0 , 0 , 0 , 0 , 0 , 0 , 0 , 0 , 0 , 0 , 0 , 0 , 0 , 0 , 0 , 0 , 0 , 0 , 0 , 0 , 0 , 0 , 16 
db 48 , 32 , 0 , 0 , 0 , 0 , 0 , 0 , 0 , 0 , 0 , 0 , 0 , 0 , 0 , 0 , 0 , 0 , 0 , 0 , 0 , 0 , 0 , 0 , 0 , 0 , 0 , 0 , 0 , 16 
db 48 , 32 , 0 , 0 , 0 , 0 , 0 , 0 , 0 , 0 , 0 , 0 , 0 , 0 , 0 , 0 , 0 , 0 , 0 , 0 , 0 , 0 , 0 , 0 , 0 , 0 , 0 , 0 , 0 , 0 
db 16 , 32 , 0 , 0 , 0 , 0 , 0 , 0 , 0 , 0 , 0 , 0 , 0 , 0 , 0 , 0 , 0 , 0 , 0 , 0 , 0 , 0 , 0 , 0 , 0 , 0 , 0 , 0 , 0 , 16 
db 48 , 32 , 0 , 0 , 0 , 0 , 0 , 0 , 0 , 0 , 0 , 0 , 0 , 0 , 0 , 0 , 0 , 0 , 0 , 0 , 0 , 0 , 0 , 0 , 0 , 0 , 0 , 0 , 0 , 16 
db 16 , 32 , 0 , 0 , 0 , 0 , 0 , 0 , 0 , 0 , 0 , 0 , 0 , 0 , 0 , 0 , 0 , 0 , 0 , 0 , 0 , 0 , 0 , 0 , 0 , 0 , 0 , 0 , 0 , 16 
db 16 , 32 , 0 , 0 , 0 , 0 , 0 , 0 , 0 , 0 , 0 , 16 , 0 , 0 , 16 , 0 , 0 , 0 , 0 , 16 , 0 , 0 , 0 , 0 , 0 , 0 , 0 , 0 , 0 , 32 
db 0 , 48 , 48 , 48 , 48 , 48 , 48 , 48 , 48 , 48 , 48 , 16 , 48 , 48 , 32 , 48 , 48 , 48 , 48 , 32 , 48 , 48 , 48 , 48 , 48 , 48 ,
 48 , 48 , 48 , 0 
;------ END SPRITE --------
;------ BEGIN SPRITE --------
db 4 ; ancho
db 16 ; alto
db 0 , 205 , 207 , 207 
db 68 , 154 , 48 , 48 
db 205 , 48 , 207 , 207 
db 154 , 101 , 207 , 207 
db 154 , 207 , 207 , 207 
db 154 , 207 , 207 , 207 
db 207 , 207 , 207 , 207 
db 207 , 207 , 207 , 207 
db 207 , 207 , 207 , 207 
db 207 , 207 , 207 , 207 
db 206 , 207 , 207 , 207 
db 206 , 205 , 207 , 207 
db 206 , 204 , 207 , 207 
db 205 , 204 , 204 , 204 
db 68 , 206 , 204 , 204 
db 0 , 205 , 207 , 207 
;------ END SPRITE --------
;------ BEGIN SPRITE --------
db 4 ; ancho
db 16 ; alto
db 207 , 207 , 206 , 0 
db 48 , 48 , 101 , 136 
db 207 , 207 , 48 , 206 
db 207 , 207 , 154 , 101 
db 207 , 207 , 207 , 101 
db 207 , 207 , 207 , 101 
db 207 , 207 , 207 , 207 
db 207 , 207 , 207 , 207 
db 207 , 207 , 207 , 207 
db 207 , 207 , 207 , 207 
db 207 , 207 , 207 , 205 
db 207 , 207 , 206 , 205 
db 207 , 207 , 204 , 205 
db 204 , 204 , 204 , 206 
db 204 , 204 , 205 , 136 
db 207 , 207 , 206 , 0 
;------ END SPRITE --------
;------ BEGIN SPRITE --------
db 4 ; ancho
db 16 ; alto
db 0 , 83 , 243 , 243 
db 1 , 99 , 241 , 243 
db 19 , 177 , 99 , 243 
db 51 , 51 , 115 , 243 
db 51 , 114 , 83 , 243 
db 114 , 112 , 83 , 243 
db 114 , 161 , 115 , 243 
db 51 , 19 , 51 , 243 
db 51 , 51 , 114 , 243 
db 51 , 51 , 35 , 19 
db 1 , 51 , 3 , 51 
db 0 , 161 , 177 , 51 
db 0 , 204 , 35 , 51 
db 204 , 17 , 51 , 51 
db 17 , 51 , 35 , 51 
db 0 , 51 , 2 , 51 
;------ END SPRITE --------
;------ BEGIN SPRITE --------
db 4 ; ancho
db 16 ; alto
db 81 , 243 , 163 , 0 
db 243 , 242 , 147 , 2 
db 243 , 147 , 114 , 35 
db 243 , 179 , 51 , 51 
db 243 , 163 , 177 , 51 
db 243 , 163 , 176 , 177 
db 243 , 179 , 82 , 177 
db 243 , 51 , 35 , 51 
db 243 , 177 , 51 , 51 
db 35 , 19 , 51 , 51 
db 51 , 3 , 51 , 2 
db 51 , 114 , 82 , 0 
db 51 , 19 , 204 , 0 
db 51 , 51 , 34 , 204 
db 51 , 19 , 51 , 34 
db 51 , 1 , 51 , 0 
;------ END SPRITE --------
;------ BEGIN SPRITE --------
db 9 ; ancho
db 8 ; alto
db 0 , 0 , 0 , 14 , 12 , 13 , 0 , 0 , 0 
db 0 , 0 , 5 , 28 , 12 , 12 , 10 , 0 , 0 
db 0 , 0 , 4 , 44 , 12 , 12 , 8 , 0 , 0 
db 0 , 0 , 68 , 12 , 12 , 12 , 136 , 0 , 0 
db 0 , 0 , 68 , 216 , 240 , 228 , 136 , 0 , 0 
db 0 , 0 , 69 , 204 , 204 , 204 , 138 , 0 , 0 
db 0 , 0 , 0 , 206 , 204 , 205 , 0 , 0 , 0 
db 0 , 0 , 0 , 68 , 204 , 136 , 0 , 0 , 0 
;------ END SPRITE --------
;------ BEGIN SPRITE --------
db 9 ; ancho
db 8 ; alto
db 0 , 0 , 0 , 14 , 24 , 37 , 0 , 0 , 0 
db 0 , 0 , 5 , 28 , 24 , 48 , 10 , 0 , 0 
db 0 , 0 , 4 , 44 , 12 , 48 , 32 , 0 , 0 
db 0 , 0 , 68 , 12 , 12 , 48 , 168 , 0 , 0 
db 0 , 0 , 68 , 140 , 12 , 116 , 168 , 0 , 0 
db 0 , 0 , 68 , 204 , 220 , 252 , 168 , 0 , 0 
db 0 , 0 , 69 , 204 , 220 , 252 , 138 , 0 , 0 
db 0 , 0 , 0 , 206 , 220 , 237 , 0 , 0 , 0 
;------ END SPRITE --------
;------ BEGIN SPRITE --------
db 9 ; ancho
db 8 ; alto
db 0 , 0 , 0 , 14 , 24 , 37 , 0 , 0 , 0 
db 0 , 0 , 5 , 28 , 24 , 48 , 10 , 0 , 0 
db 0 , 0 , 4 , 44 , 12 , 48 , 32 , 0 , 0 
db 0 , 0 , 68 , 12 , 12 , 48 , 168 , 0 , 0 
db 0 , 0 , 68 , 140 , 12 , 116 , 168 , 0 , 0 
db 0 , 0 , 68 , 204 , 220 , 252 , 168 , 0 , 0 
db 0 , 0 , 69 , 204 , 220 , 252 , 138 , 0 , 0 
db 0 , 0 , 0 , 206 , 220 , 237 , 0 , 0 , 0 
;------ END SPRITE --------
;------ BEGIN SPRITE --------
db 7 ; ancho
db 12 ; alto
db 0 , 0 , 0 , 0 , 64 , 192 , 192 
db 0 , 0 , 0 , 0 , 0 , 192 , 192 
db 0 , 58 , 48 , 0 , 0 , 64 , 192 
db 0 , 49 , 51 , 48 , 0 , 0 , 192 
db 0 , 63 , 63 , 49 , 12 , 0 , 0 
db 0 , 84 , 51 , 48 , 38 , 8 , 0 
db 0 , 17 , 48 , 50 , 49 , 12 , 0 
db 0 , 21 , 48 , 49 , 48 , 53 , 0 
db 0 , 16 , 48 , 63 , 63 , 0 , 0 
db 0 , 63 , 63 , 0 , 0 , 0 , 0 
db 0 , 0 , 0 , 0 , 0 , 0 , 192 
db 0 , 0 , 0 , 0 , 0 , 192 , 192 
;------ END SPRITE --------
' ------ BEGIN PALETA --------
INK  0 , 2 
INK  1 , 14 
INK  2 , 23 
INK  3 , 23 
INK  4 , 26 
INK  5 , 26 
INK  6 , 6 
INK  7 , 6 
INK  8 , 18 
INK  9 , 18 
INK  10 , 24 
INK  11 , 24 
INK  12 , 0 
INK  13 , 0 
INK  14 , 16 
INK  15 , 16 
' ------ END PALETA --------
;------ BEGIN SPRITE --------
db 2 ; ancho
db 32 ; alto
db 64 , 192 
db 128 , 0 
db 128 , 192 
db 128 , 192 
db 128 , 192 
db 128 , 192 
db 128 , 192 
db 128 , 192 
db 128 , 192 
db 128 , 192 
db 128 , 192 
db 128 , 192 
db 128 , 192 
db 128 , 192 
db 128 , 192 
db 128 , 192 
db 128 , 192 
db 128 , 192 
db 128 , 192 
db 128 , 192 
db 128 , 192 
db 128 , 192 
db 128 , 192 
db 128 , 192 
db 128 , 192 
db 128 , 192 
db 128 , 192 
db 128 , 192 
db 128 , 192 
db 128 , 192 
db 128 , 0 
db 64 , 192 
;------ END SPRITE --------
;------ BEGIN SPRITE --------
db 2 ; ancho
db 32 ; alto
db 192 , 128 
db 0 , 64 
db 192 , 64 
db 192 , 64 
db 192 , 64 
db 192 , 64 
db 192 , 64 
db 192 , 64 
db 192 , 64 
db 192 , 64 
db 192 , 64 
db 192 , 64 
db 192 , 64 
db 192 , 64 
db 192 , 64 
db 192 , 64 
db 192 , 64 
db 192 , 64 
db 192 , 64 
db 192 , 64 
db 192 , 64 
db 192 , 64 
db 192 , 64 
db 192 , 64 
db 192 , 64 
db 192 , 64 
db 192 , 64 
db 192 , 64 
db 192 , 64 
db 192 , 64 
db 0 , 64 
db 192 , 128 
;------ END SPRITE --------
;------ BEGIN SPRITE --------
db 2 ; ancho
db 32 ; alto
db 192 , 0 
db 64 , 0 
db 64 , 0 
db 64 , 0 
db 64 , 0 
db 64 , 0 
db 64 , 0 
db 64 , 0 
db 64 , 0 
db 64 , 0 
db 64 , 0 
db 64 , 0 
db 64 , 0 
db 64 , 0 
db 64 , 0 
db 64 , 0 
db 64 , 0 
db 64 , 0 
db 64 , 0 
db 64 , 0 
db 64 , 0 
db 64 , 0 
db 64 , 0 
db 64 , 0 
db 64 , 0 
db 64 , 0 
db 64 , 0 
db 64 , 0 
db 64 , 0 
db 64 , 0 
db 64 , 0 
db 192 , 0 
;------ END SPRITE --------
' ------ BEGIN PALETA --------
INK  0 , 0 
INK  1 , 14 
INK  2 , 23 
INK  3 , 23 
INK  4 , 26 
INK  5 , 26 
INK  6 , 6 
INK  7 , 6 
INK  8 , 18 
INK  9 , 18 
INK  10 , 24 
INK  11 , 24 
INK  12 , 0 
INK  13 , 0 
INK  14 , 16 
INK  15 , 16 
' ------ END PALETA --------
;------ BEGIN SPRITE --------
db 7 ; ancho
db 12 ; alto
db 0 , 0 , 0 , 0 , 64 , 192 , 192 
db 0 , 51 , 51 , 0 , 0 , 64 , 192 
db 0 , 58 , 48 , 51 , 0 , 0 , 192 
db 0 , 49 , 51 , 48 , 51 , 0 , 64 
db 0 , 63 , 63 , 49 , 12 , 34 , 0 
db 0 , 118 , 51 , 48 , 38 , 25 , 0 
db 0 , 17 , 48 , 50 , 49 , 12 , 0 
db 0 , 21 , 48 , 49 , 48 , 53 , 0 
db 0 , 50 , 48 , 63 , 63 , 51 , 0 
db 0 , 63 , 63 , 51 , 51 , 0 , 0 
db 0 , 51 , 51 , 0 , 0 , 0 , 64 
db 0 , 0 , 0 , 0 , 0 , 64 , 192 
;------ END SPRITE --------
;------ BEGIN SPRITE --------
db 7 ; ancho
db 14 ; alto
db 0 , 0 , 0 , 0 , 64 , 192 , 192 
db 0 , 0 , 0 , 0 , 0 , 64 , 192 
db 0 , 51 , 51 , 0 , 0 , 0 , 192 
db 0 , 58 , 48 , 51 , 0 , 0 , 64 
db 0 , 49 , 51 , 48 , 51 , 0 , 0 
db 0 , 63 , 63 , 49 , 12 , 34 , 0 
db 0 , 118 , 51 , 48 , 38 , 25 , 0 
db 0 , 17 , 48 , 50 , 49 , 12 , 0 
db 0 , 21 , 48 , 49 , 48 , 53 , 0 
db 0 , 50 , 48 , 63 , 63 , 51 , 0 
db 0 , 63 , 63 , 51 , 51 , 0 , 0 
db 0 , 51 , 51 , 0 , 0 , 0 , 0 
db 0 , 0 , 0 , 0 , 0 , 0 , 64 
db 0 , 0 , 0 , 0 , 0 , 64 , 192 
;------ END SPRITE --------
;------ BEGIN SPRITE --------
db 5 ; ancho
db 16 ; alto
db 192 , 192 , 192 , 192 , 192 
db 192 , 0 , 0 , 192 , 192 
db 128 , 0 , 0 , 64 , 192 
db 128 , 0 , 0 , 64 , 192 
db 128 , 4 , 8 , 64 , 192 
db 0 , 12 , 0 , 0 , 192 
db 0 , 8 , 0 , 0 , 192 
db 0 , 8 , 0 , 0 , 192 
db 0 , 0 , 0 , 0 , 192 
db 0 , 0 , 0 , 42 , 192 
db 0 , 0 , 0 , 42 , 192 
db 0 , 0 , 0 , 42 , 192 
db 42 , 8 , 21 , 0 , 192 
db 128 , 0 , 0 , 64 , 192 
db 128 , 0 , 0 , 64 , 192 
db 192 , 0 , 0 , 192 , 192 
;------ END SPRITE --------
' ------ BEGIN PALETA --------
INK  0 , 0 
INK  1 , 14 
INK  2 , 23 
INK  3 , 23 
INK  4 , 26 
INK  5 , 26 
INK  6 , 6 
INK  7 , 6 
INK  8 , 18 
INK  9 , 18 
INK  10 , 24 
INK  11 , 24 
INK  12 , 0 
INK  13 , 0 
INK  14 , 16 
INK  15 , 16 
' ------ END PALETA --------
;------ BEGIN SPRITE --------
db 3 ; ancho
db 48 ; alto
db 0 , 0 , 192 
db 0 , 64 , 192 
db 0 , 132 , 192 
db 64 , 12 , 192 
db 132 , 12 , 192 
db 64 , 12 , 192 
db 128 , 128 , 0 
db 64 , 0 , 192 
db 128 , 128 , 192 
db 64 , 0 , 192 
db 128 , 128 , 192 
db 64 , 0 , 192 
db 128 , 128 , 192 
db 64 , 0 , 192 
db 128 , 128 , 192 
db 64 , 0 , 192 
db 128 , 128 , 192 
db 64 , 0 , 192 
db 128 , 128 , 192 
db 64 , 0 , 192 
db 128 , 128 , 192 
db 64 , 0 , 192 
db 128 , 128 , 192 
db 64 , 0 , 192 
db 128 , 128 , 192 
db 64 , 0 , 192 
db 128 , 128 , 192 
db 64 , 0 , 192 
db 128 , 128 , 192 
db 64 , 0 , 192 
db 128 , 128 , 192 
db 64 , 0 , 192 
db 128 , 128 , 192 
db 64 , 0 , 192 
db 128 , 128 , 192 
db 64 , 0 , 192 
db 128 , 128 , 192 
db 64 , 0 , 192 
db 128 , 128 , 192 
db 64 , 0 , 192 
db 128 , 128 , 0 
db 64 , 4 , 192 
db 128 , 12 , 192 
db 132 , 12 , 192 
db 64 , 12 , 192 
db 0 , 132 , 192 
db 0 , 64 , 192 
db 0 , 0 , 192 
;------ END SPRITE --------
;------ BEGIN SPRITE --------
db 3 ; ancho
db 48 ; alto
db 192 , 0 , 0 
db 192 , 128 , 0 
db 192 , 72 , 0 
db 192 , 12 , 128 
db 192 , 12 , 72 
db 192 , 12 , 128 
db 0 , 64 , 64 
db 192 , 0 , 128 
db 192 , 64 , 64 
db 192 , 0 , 128 
db 192 , 64 , 64 
db 192 , 0 , 128 
db 192 , 64 , 64 
db 192 , 0 , 128 
db 192 , 64 , 64 
db 192 , 0 , 128 
db 192 , 64 , 64 
db 192 , 0 , 128 
db 192 , 64 , 64 
db 192 , 0 , 128 
db 192 , 64 , 64 
db 192 , 0 , 128 
db 192 , 64 , 64 
db 192 , 0 , 128 
db 192 , 64 , 64 
db 192 , 0 , 128 
db 192 , 64 , 64 
db 192 , 0 , 128 
db 192 , 64 , 64 
db 192 , 0 , 128 
db 192 , 64 , 64 
db 192 , 0 , 192 
db 192 , 64 , 64 
db 192 , 0 , 128 
db 192 , 64 , 64 
db 192 , 0 , 128 
db 192 , 64 , 64 
db 192 , 0 , 128 
db 192 , 64 , 64 
db 192 , 0 , 128 
db 0 , 64 , 64 
db 192 , 8 , 128 
db 192 , 12 , 64 
db 192 , 12 , 72 
db 192 , 12 , 128 
db 192 , 72 , 0 
db 192 , 128 , 0 
db 192 , 0 , 0 
;------ END SPRITE --------
;------ BEGIN SPRITE --------
db 5 ; ancho
db 16 ; alto
db 0 , 0 , 0 , 0 , 192 
db 64 , 64 , 128 , 144 , 192 
db 0 , 128 , 64 , 16 , 192 
db 64 , 0 , 128 , 16 , 192 
db 0 , 64 , 0 , 144 , 192 
db 0 , 128 , 64 , 16 , 192 
db 64 , 0 , 128 , 16 , 192 
db 0 , 64 , 0 , 144 , 192 
db 0 , 128 , 64 , 16 , 192 
db 64 , 0 , 128 , 16 , 192 
db 0 , 64 , 0 , 144 , 192 
db 0 , 128 , 64 , 16 , 192 
db 64 , 0 , 128 , 16 , 192 
db 0 , 64 , 0 , 144 , 192 
db 64 , 192 , 192 , 144 , 192 
db 48 , 48 , 48 , 48 , 192 
;------ END SPRITE --------
;------ BEGIN SPRITE --------
db 5 ; ancho
db 16 ; alto
db 0 , 0 , 0 , 0 , 192 
db 21 , 21 , 42 , 58 , 192 
db 0 , 42 , 21 , 16 , 192 
db 21 , 0 , 42 , 16 , 192 
db 0 , 21 , 0 , 58 , 192 
db 0 , 42 , 64 , 16 , 192 
db 21 , 0 , 42 , 16 , 192 
db 0 , 64 , 0 , 144 , 192 
db 0 , 42 , 64 , 16 , 192 
db 21 , 0 , 128 , 16 , 192 
db 0 , 21 , 0 , 144 , 192 
db 0 , 42 , 64 , 16 , 192 
db 21 , 0 , 128 , 16 , 192 
db 0 , 64 , 0 , 144 , 192 
db 64 , 192 , 192 , 144 , 192 
db 48 , 48 , 48 , 48 , 192 
;------ END SPRITE --------
;------ BEGIN SPRITE --------
db 9 ; ancho
db 8 ; alto
db 0 , 0 , 17 , 25 , 50 , 37 , 34 , 0 , 0 
db 0 , 0 , 38 , 38 , 24 , 48 , 27 , 0 , 0 
db 0 , 0 , 38 , 12 , 12 , 48 , 49 , 0 , 0 
db 0 , 0 , 51 , 12 , 12 , 48 , 51 , 0 , 0 
db 0 , 0 , 54 , 38 , 12 , 49 , 57 , 0 , 0 
db 0 , 0 , 54 , 57 , 51 , 54 , 57 , 0 , 0 
db 0 , 0 , 54 , 60 , 124 , 124 , 57 , 0 , 0 
db 0 , 0 , 17 , 60 , 124 , 60 , 34 , 0 , 0 
;------ END SPRITE --------
;------ BEGIN SPRITE --------
db 11 ; ancho
db 12 ; alto
db 0 , 0 , 0 , 0 , 0 , 0 , 0 , 0 , 0 , 192 , 192 
db 0 , 0 , 0 , 0 , 0 , 0 , 0 , 0 , 64 , 192 , 192 
db 0 , 0 , 0 , 0 , 0 , 0 , 0 , 0 , 64 , 192 , 192 
db 0 , 0 , 0 , 0 , 0 , 0 , 0 , 0 , 64 , 192 , 192 
db 0 , 0 , 0 , 0 , 0 , 0 , 0 , 0 , 192 , 192 , 192 
db 0 , 0 , 0 , 0 , 64 , 0 , 0 , 64 , 192 , 192 , 192 
db 0 , 0 , 0 , 0 , 192 , 128 , 64 , 192 , 64 , 192 , 192 
db 0 , 0 , 64 , 192 , 64 , 192 , 128 , 128 , 128 , 192 , 192 
db 0 , 64 , 128 , 128 , 128 , 192 , 64 , 64 , 192 , 192 , 192 
db 0 , 64 , 64 , 64 , 64 , 192 , 128 , 128 , 192 , 192 , 192 
db 0 , 128 , 128 , 128 , 192 , 192 , 64 , 192 , 192 , 192 , 192 
db 0 , 192 , 64 , 64 , 192 , 192 , 192 , 192 , 192 , 192 , 192 
;------ END SPRITE --------
;------ BEGIN SPRITE --------
db 11 ; ancho
db 12 ; alto
db 192 , 0 , 0 , 0 , 0 , 0 , 0 , 0 , 0 , 0 , 0 
db 192 , 128 , 0 , 0 , 0 , 0 , 0 , 0 , 0 , 0 , 0 
db 192 , 128 , 0 , 0 , 0 , 0 , 0 , 0 , 0 , 0 , 0 
db 192 , 128 , 0 , 0 , 0 , 0 , 0 , 0 , 0 , 0 , 0 
db 192 , 192 , 0 , 0 , 0 , 0 , 0 , 0 , 0 , 0 , 0 
db 192 , 192 , 128 , 0 , 0 , 128 , 0 , 0 , 0 , 0 , 0 
db 192 , 192 , 192 , 128 , 64 , 192 , 0 , 0 , 0 , 0 , 0 
db 192 , 64 , 192 , 192 , 192 , 128 , 192 , 128 , 0 , 0 , 0 
db 128 , 128 , 192 , 192 , 64 , 64 , 64 , 64 , 128 , 0 , 0 
db 64 , 192 , 64 , 192 , 128 , 192 , 128 , 128 , 128 , 0 , 0 
db 192 , 192 , 128 , 64 , 192 , 192 , 64 , 64 , 64 , 0 , 0 
db 192 , 192 , 192 , 128 , 192 , 192 , 128 , 128 , 192 , 0 , 0 
;------ END SPRITE --------
;------ BEGIN SPRITE --------
db 11 ; ancho
db 6 ; alto
db 192 , 0 , 0 , 0 , 0 , 0 , 0 , 0 , 0 , 192 , 192 
db 192 , 128 , 0 , 192 , 128 , 0 , 0 , 0 , 0 , 192 , 192 
db 128 , 64 , 192 , 192 , 192 , 128 , 0 , 128 , 64 , 192 , 192 
db 64 , 128 , 128 , 192 , 0 , 192 , 64 , 192 , 64 , 192 , 192 
db 192 , 64 , 64 , 0 , 192 , 64 , 192 , 192 , 128 , 192 , 192 
db 192 , 128 , 128 , 192 , 192 , 192 , 192 , 128 , 64 , 192 , 192 
;------ END SPRITE --------
;------ BEGIN SPRITE --------
db 12 ; ancho
db 2 ; alto
db 0 , 0 , 0 , 0 , 0 , 0 , 60 , 61 , 63 , 46 , 24 , 48 
db 0 , 0 , 0 , 0 , 0 , 0 , 60 , 61 , 63 , 46 , 24 , 48 
;------ END SPRITE --------
;------ BEGIN SPRITE --------
db 9 ; ancho
db 24 ; alto
db 0 , 0 , 0 , 0 , 0 , 0 , 0 , 0 , 0 
db 0 , 0 , 0 , 0 , 0 , 0 , 0 , 0 , 0 
db 0 , 0 , 0 , 0 , 0 , 0 , 0 , 0 , 0 
db 0 , 0 , 0 , 0 , 0 , 0 , 0 , 0 , 0 
db 0 , 0 , 0 , 0 , 0 , 0 , 0 , 0 , 0 
db 0 , 0 , 0 , 0 , 0 , 0 , 0 , 0 , 0 
db 0 , 0 , 0 , 0 , 0 , 0 , 0 , 0 , 0 
db 0 , 0 , 0 , 0 , 0 , 0 , 0 , 0 , 0 
db 0 , 0 , 17 , 27 , 36 , 60 , 34 , 0 , 0 
db 0 , 0 , 55 , 50 , 12 , 28 , 27 , 0 , 0 
db 0 , 0 , 55 , 50 , 36 , 25 , 57 , 0 , 0 
db 0 , 0 , 55 , 50 , 36 , 28 , 57 , 0 , 0 
db 0 , 0 , 39 , 59 , 12 , 54 , 57 , 0 , 0 
db 0 , 0 , 55 , 63 , 51 , 45 , 57 , 0 , 0 
db 0 , 0 , 55 , 62 , 94 , 124 , 57 , 0 , 0 
db 0 , 0 , 17 , 60 , 60 , 60 , 34 , 0 , 0 
db 0 , 0 , 0 , 0 , 0 , 0 , 0 , 0 , 0 
db 0 , 0 , 0 , 0 , 0 , 0 , 0 , 0 , 0 
db 0 , 0 , 0 , 0 , 0 , 0 , 0 , 0 , 0 
db 0 , 0 , 0 , 0 , 0 , 0 , 0 , 0 , 0 
db 0 , 0 , 0 , 0 , 0 , 0 , 0 , 0 , 0 
db 0 , 0 , 0 , 0 , 0 , 0 , 0 , 0 , 0 
db 0 , 0 , 0 , 0 , 0 , 0 , 0 , 0 , 0 
db 0 , 0 , 0 , 0 , 0 , 0 , 0 , 0 , 0 
;------ END SPRITE --------
;------ BEGIN SPRITE --------
db 4 ; ancho
db 8 ; alto
db 3 , 18 , 51 , 48 
db 35 , 3 , 49 , 50 
db 51 , 3 , 18 , 51 
db 49 , 35 , 3 , 49 
db 48 , 51 , 3 , 18 
db 48 , 49 , 35 , 3 
db 50 , 48 , 51 , 3 
db 51 , 48 , 49 , 35 
;------ END SPRITE --------
;------ BEGIN SPRITE --------
db 4 ; ancho
db 8 ; alto
db 2 , 32 , 21 , 3 
db 3 , 16 , 0 , 43 
db 3 , 2 , 32 , 21 
db 43 , 3 , 16 , 0 
db 21 , 3 , 2 , 32 
db 0 , 43 , 3 , 16 
db 32 , 21 , 3 , 2 
db 16 , 0 , 43 , 3 
;------ END SPRITE --------
;------ BEGIN SPRITE --------
db 9 ; ancho
db 24 ; alto
db 0 , 0 , 0 , 0 , 0 , 0 , 0 , 0 , 0 
db 0 , 0 , 0 , 0 , 0 , 0 , 0 , 0 , 0 
db 0 , 0 , 0 , 0 , 0 , 0 , 0 , 0 , 0 
db 0 , 0 , 0 , 0 , 0 , 0 , 0 , 0 , 0 
db 0 , 0 , 0 , 0 , 0 , 0 , 0 , 0 , 0 
db 0 , 0 , 0 , 0 , 0 , 0 , 0 , 0 , 0 
db 0 , 0 , 0 , 0 , 0 , 0 , 0 , 0 , 0 
db 0 , 0 , 0 , 0 , 0 , 0 , 0 , 0 , 0 
db 192 , 128 , 0 , 0 , 51 , 3 , 34 , 0 , 0 
db 192 , 0 , 0 , 51 , 35 , 3 , 34 , 0 , 0 
db 128 , 0 , 1 , 3 , 3 , 51 , 0 , 0 , 0 
db 0 , 17 , 19 , 35 , 19 , 30 , 0 , 0 , 0 
db 0 , 39 , 51 , 35 , 19 , 30 , 0 , 0 , 0 
db 0 , 15 , 11 , 19 , 35 , 51 , 0 , 0 , 0 
db 0 , 39 , 15 , 39 , 3 , 3 , 0 , 0 , 0 
db 128 , 0 , 0 , 0 , 1 , 3 , 0 , 0 , 0 
db 0 , 0 , 0 , 0 , 0 , 0 , 0 , 0 , 0 
db 0 , 0 , 0 , 0 , 0 , 0 , 0 , 0 , 0 
db 0 , 0 , 0 , 0 , 0 , 0 , 0 , 0 , 0 
db 0 , 0 , 0 , 0 , 0 , 0 , 0 , 0 , 0 
db 0 , 0 , 0 , 0 , 0 , 0 , 0 , 0 , 0 
db 0 , 0 , 0 , 0 , 0 , 0 , 0 , 0 , 0 
db 0 , 0 , 0 , 0 , 0 , 0 , 0 , 0 , 0 
db 0 , 0 , 0 , 0 , 0 , 0 , 0 , 0 , 0 
;------ END SPRITE --------
;------ BEGIN SPRITE --------
db 9 ; ancho
db 24 ; alto
db 0 , 0 , 0 , 0 , 0 , 0 , 0 , 0 , 0 
db 0 , 0 , 0 , 0 , 0 , 0 , 0 , 0 , 0 
db 0 , 0 , 0 , 0 , 0 , 0 , 0 , 0 , 0 
db 0 , 0 , 0 , 0 , 0 , 0 , 0 , 0 , 0 
db 0 , 0 , 0 , 0 , 0 , 0 , 0 , 0 , 0 
db 0 , 0 , 0 , 0 , 0 , 0 , 0 , 0 , 0 
db 0 , 0 , 0 , 0 , 0 , 0 , 0 , 0 , 0 
db 0 , 0 , 0 , 0 , 0 , 0 , 0 , 0 , 0 
db 192 , 128 , 0 , 0 , 55 , 43 , 34 , 0 , 0 
db 192 , 0 , 0 , 51 , 43 , 3 , 34 , 0 , 0 
db 128 , 0 , 1 , 3 , 3 , 51 , 0 , 0 , 0 
db 0 , 17 , 19 , 35 , 19 , 61 , 0 , 0 , 0 
db 0 , 39 , 51 , 35 , 19 , 61 , 0 , 0 , 0 
db 0 , 47 , 11 , 19 , 35 , 51 , 0 , 0 , 0 
db 0 , 55 , 31 , 39 , 43 , 3 , 0 , 0 , 0 
db 128 , 0 , 0 , 0 , 21 , 3 , 0 , 0 , 0 
db 0 , 0 , 0 , 0 , 0 , 0 , 0 , 0 , 0 
db 0 , 0 , 0 , 0 , 0 , 0 , 0 , 0 , 0 
db 0 , 0 , 0 , 0 , 0 , 0 , 0 , 0 , 0 
db 0 , 0 , 0 , 0 , 0 , 0 , 0 , 0 , 0 
db 0 , 0 , 0 , 0 , 0 , 0 , 0 , 0 , 0 
db 0 , 0 , 0 , 0 , 0 , 0 , 0 , 0 , 0 
db 0 , 0 , 0 , 0 , 0 , 0 , 0 , 0 , 0 
db 0 , 0 , 0 , 0 , 0 , 0 , 0 , 0 , 0 
;------ END SPRITE --------
;------ BEGIN SPRITE --------
db 9 ; ancho
db 24 ; alto
db 0 , 0 , 0 , 0 , 0 , 0 , 0 , 0 , 0 
db 0 , 0 , 0 , 0 , 0 , 0 , 0 , 0 , 0 
db 0 , 0 , 0 , 0 , 0 , 0 , 0 , 0 , 0 
db 0 , 0 , 0 , 0 , 0 , 0 , 0 , 0 , 0 
db 0 , 0 , 0 , 0 , 0 , 0 , 0 , 0 , 0 
db 0 , 0 , 0 , 0 , 0 , 0 , 0 , 0 , 0 
db 0 , 0 , 0 , 0 , 0 , 0 , 0 , 0 , 0 
db 0 , 0 , 0 , 0 , 0 , 0 , 0 , 0 , 0 
db 192 , 128 , 0 , 0 , 55 , 43 , 0 , 0 , 0 
db 192 , 0 , 17 , 51 , 43 , 3 , 0 , 0 , 0 
db 128 , 0 , 35 , 3 , 3 , 51 , 0 , 0 , 0 
db 0 , 17 , 19 , 35 , 19 , 61 , 0 , 0 , 0 
db 0 , 39 , 51 , 35 , 19 , 61 , 0 , 0 , 0 
db 0 , 47 , 11 , 19 , 35 , 51 , 0 , 0 , 0 
db 0 , 55 , 31 , 39 , 43 , 19 , 0 , 0 , 0 
db 128 , 17 , 51 , 17 , 55 , 3 , 0 , 0 , 0 
db 0 , 0 , 0 , 0 , 0 , 0 , 0 , 0 , 0 
db 0 , 0 , 0 , 0 , 0 , 0 , 0 , 0 , 0 
db 0 , 0 , 0 , 0 , 0 , 0 , 0 , 0 , 0 
db 0 , 0 , 0 , 0 , 0 , 0 , 0 , 0 , 0 
db 0 , 0 , 0 , 0 , 0 , 0 , 0 , 0 , 0 
db 0 , 0 , 0 , 0 , 0 , 0 , 0 , 0 , 0 
db 0 , 0 , 0 , 0 , 0 , 0 , 0 , 0 , 0 
db 0 , 0 , 0 , 0 , 0 , 0 , 0 , 0 , 0 
;------ END SPRITE --------
;------ BEGIN SPRITE --------
db 9 ; ancho
db 24 ; alto
db 0 , 0 , 0 , 0 , 0 , 0 , 0 , 0 , 0 
db 0 , 0 , 0 , 0 , 0 , 0 , 0 , 0 , 0 
db 0 , 0 , 0 , 0 , 0 , 0 , 0 , 0 , 0 
db 0 , 0 , 0 , 0 , 0 , 0 , 0 , 0 , 0 
db 0 , 0 , 0 , 0 , 0 , 0 , 0 , 0 , 0 
db 0 , 0 , 0 , 0 , 0 , 0 , 0 , 0 , 0 
db 0 , 0 , 0 , 0 , 0 , 0 , 0 , 0 , 0 
db 0 , 0 , 0 , 0 , 0 , 0 , 0 , 0 , 0 
db 192 , 128 , 0 , 0 , 55 , 43 , 0 , 0 , 0 
db 192 , 0 , 17 , 51 , 43 , 3 , 0 , 0 , 0 
db 128 , 0 , 35 , 3 , 3 , 51 , 0 , 0 , 0 
db 0 , 17 , 19 , 35 , 19 , 61 , 0 , 0 , 0 
db 0 , 39 , 51 , 35 , 19 , 61 , 0 , 0 , 0 
db 0 , 47 , 11 , 19 , 35 , 51 , 0 , 0 , 0 
db 0 , 55 , 31 , 39 , 43 , 19 , 0 , 0 , 0 
db 128 , 17 , 51 , 17 , 55 , 3 , 0 , 0 , 0 
db 0 , 0 , 0 , 0 , 0 , 0 , 0 , 0 , 0 
db 0 , 0 , 0 , 0 , 0 , 0 , 0 , 0 , 0 
db 0 , 0 , 0 , 0 , 0 , 0 , 0 , 0 , 0 
db 0 , 0 , 0 , 0 , 0 , 0 , 0 , 0 , 0 
db 0 , 0 , 0 , 0 , 0 , 0 , 0 , 0 , 0 
db 0 , 0 , 0 , 0 , 0 , 0 , 0 , 0 , 0 
db 0 , 0 , 0 , 0 , 0 , 0 , 0 , 0 , 0 
db 0 , 0 , 0 , 0 , 0 , 0 , 0 , 0 , 0 
;------ END SPRITE --------
;------ BEGIN SPRITE --------
db 11 ; ancho
db 12 ; alto
db 192 , 192 , 192 , 192 , 192 , 192 , 192 , 192 , 212 , 207 , 207 
db 192 , 192 , 192 , 192 , 192 , 192 , 192 , 192 , 237 , 207 , 207 
db 192 , 192 , 192 , 192 , 192 , 192 , 192 , 192 , 237 , 207 , 207 
db 192 , 192 , 192 , 192 , 192 , 192 , 192 , 192 , 237 , 207 , 207 
db 192 , 192 , 192 , 192 , 212 , 192 , 192 , 212 , 207 , 207 , 207 
db 192 , 192 , 192 , 192 , 237 , 232 , 212 , 252 , 207 , 207 , 207 
db 192 , 192 , 212 , 252 , 207 , 222 , 237 , 207 , 69 , 207 , 207 
db 192 , 212 , 237 , 207 , 69 , 207 , 138 , 138 , 138 , 207 , 207 
db 192 , 237 , 138 , 138 , 138 , 207 , 69 , 69 , 207 , 207 , 207 
db 212 , 237 , 69 , 69 , 69 , 207 , 138 , 138 , 207 , 207 , 207 
db 212 , 138 , 138 , 138 , 207 , 207 , 69 , 207 , 207 , 207 , 207 
db 212 , 207 , 69 , 69 , 207 , 207 , 207 , 207 , 207 , 207 , 207 
;------ END SPRITE --------
;------ BEGIN SPRITE --------
db 11 ; ancho
db 12 ; alto
db 192 , 192 , 192 , 192 , 192 , 192 , 192 , 192 , 212 , 207 , 207 
db 192 , 192 , 192 , 192 , 192 , 192 , 192 , 192 , 237 , 207 , 207 
db 192 , 192 , 192 , 192 , 192 , 192 , 192 , 192 , 237 , 207 , 207 
db 192 , 192 , 192 , 192 , 192 , 192 , 192 , 192 , 237 , 207 , 207 
db 192 , 192 , 192 , 192 , 212 , 192 , 192 , 212 , 207 , 207 , 207 
db 192 , 192 , 192 , 192 , 237 , 232 , 212 , 252 , 207 , 207 , 207 
db 192 , 192 , 212 , 252 , 207 , 222 , 237 , 207 , 69 , 207 , 207 
db 192 , 212 , 237 , 207 , 69 , 207 , 138 , 138 , 138 , 207 , 207 
db 192 , 212 , 138 , 138 , 138 , 207 , 69 , 69 , 207 , 207 , 207 
db 192 , 237 , 69 , 69 , 69 , 207 , 138 , 138 , 207 , 207 , 207 
db 192 , 168 , 138 , 138 , 207 , 207 , 69 , 207 , 207 , 207 , 207 
db 192 , 237 , 69 , 69 , 207 , 207 , 207 , 207 , 207 , 207 , 207 
;------ END SPRITE --------
;------ BEGIN SPRITE --------
db 11 ; ancho
db 12 ; alto
db 207 , 207 , 232 , 192 , 192 , 192 , 192 , 192 , 192 , 192 , 192 
db 207 , 207 , 222 , 192 , 192 , 192 , 192 , 192 , 192 , 192 , 192 
db 207 , 207 , 222 , 192 , 192 , 192 , 192 , 192 , 192 , 192 , 192 
db 197 , 207 , 222 , 192 , 192 , 192 , 192 , 192 , 192 , 192 , 192 
db 207 , 207 , 207 , 232 , 192 , 192 , 232 , 192 , 192 , 192 , 192 
db 207 , 207 , 207 , 252 , 232 , 212 , 222 , 192 , 192 , 192 , 192 
db 207 , 207 , 138 , 207 , 222 , 237 , 207 , 252 , 232 , 192 , 192 
db 207 , 207 , 69 , 69 , 69 , 207 , 138 , 207 , 222 , 232 , 192 
db 207 , 207 , 207 , 138 , 138 , 207 , 69 , 69 , 69 , 232 , 192 
db 207 , 207 , 207 , 69 , 69 , 207 , 138 , 138 , 138 , 222 , 192 
db 207 , 207 , 207 , 207 , 138 , 207 , 207 , 69 , 69 , 84 , 192 
db 207 , 207 , 207 , 207 , 207 , 207 , 207 , 138 , 138 , 222 , 192 
;------ END SPRITE --------
;------ BEGIN SPRITE --------
db 11 ; ancho
db 6 ; alto
db 207 , 192 , 192 , 192 , 192 , 192 , 192 , 192 , 192 , 237 , 207 
db 207 , 232 , 192 , 252 , 232 , 192 , 192 , 192 , 192 , 237 , 207 
db 138 , 84 , 252 , 207 , 222 , 232 , 192 , 232 , 212 , 207 , 207 
db 69 , 138 , 138 , 207 , 0 , 222 , 212 , 222 , 212 , 207 , 207 
db 207 , 69 , 69 , 0 , 207 , 69 , 237 , 207 , 168 , 207 , 207 
db 207 , 138 , 138 , 207 , 207 , 207 , 207 , 138 , 69 , 207 , 207 
;------ END SPRITE --------
;------ BEGIN SPRITE --------
db 80 ; ancho
db 8 ; alto
db 0 , 0 , 0 , 0 , 0 , 0 , 0 , 12 , 8 , 0 , 0 , 0 , 0 , 0 , 0 , 0 , 0 , 0 , 0 , 0 , 0 , 0 , 12 , 12 , 12 , 8 , 0 , 0 , 0 , 0 , 0 ,
 0 , 0 , 0 , 0 , 0 , 0 , 12 , 12 , 12 , 12 , 12 , 8 , 0 , 0 , 0 , 0 , 0 , 0 , 0 , 0 , 0 , 12 , 12 , 12 , 12 , 12 , 12 , 12 , 8 , 0 ,
 0 , 0 , 0 , 0 , 0 , 0 , 12 , 12 , 12 , 12 , 12 , 12 , 12 , 12 , 12 , 8 , 0 , 0 , 0 
db 0 , 0 , 12 , 12 , 12 , 12 , 12 , 12 , 12 , 12 , 12 , 12 , 12 , 8 , 0 , 0 , 0 , 12 , 12 , 12 , 12 , 12 , 12 , 12 , 12 , 12 , 12 ,
 12 , 12 , 12 , 12 , 0 , 12 , 12 , 12 , 12 , 12 , 12 , 12 , 12 , 12 , 12 , 12 , 12 , 12 , 12 , 12 , 12 , 0 , 0 , 0 , 0 , 0 , 0 , 0 ,
 0 , 0 , 0 , 0 , 0 , 0 , 0 , 0 , 0 , 0 , 0 , 0 , 0 , 0 , 0 , 0 , 0 , 0 , 0 , 0 , 0 , 0 , 0 , 0 , 0 
db 0 , 0 , 0 , 0 , 0 , 0 , 0 , 0 , 0 , 0 , 0 , 0 , 0 , 0 , 0 , 0 , 0 , 0 , 0 , 0 , 0 , 0 , 0 , 0 , 0 , 0 , 0 , 0 , 0 , 0 , 0 , 0 ,
 0 , 0 , 0 , 0 , 0 , 0 , 0 , 0 , 0 , 0 , 0 , 0 , 0 , 0 , 0 , 0 , 0 , 0 , 0 , 0 , 0 , 0 , 0 , 0 , 0 , 0 , 0 , 0 , 0 , 0 , 0 , 0 , 0 ,
 0 , 0 , 0 , 0 , 0 , 0 , 0 , 0 , 0 , 0 , 0 , 0 , 0 , 0 , 0 
db 0 , 0 , 0 , 0 , 0 , 0 , 0 , 0 , 0 , 0 , 0 , 0 , 0 , 0 , 0 , 0 , 0 , 0 , 0 , 0 , 0 , 0 , 0 , 0 , 0 , 0 , 0 , 0 , 0 , 0 , 0 , 0 ,
 0 , 0 , 0 , 0 , 0 , 0 , 0 , 0 , 0 , 0 , 0 , 0 , 0 , 0 , 0 , 0 , 0 , 0 , 0 , 0 , 0 , 0 , 0 , 0 , 0 , 0 , 0 , 0 , 0 , 0 , 0 , 0 , 0 ,
 0 , 0 , 0 , 0 , 0 , 0 , 0 , 0 , 0 , 0 , 0 , 0 , 0 , 0 , 0 
db 0 , 0 , 0 , 0 , 0 , 0 , 0 , 0 , 0 , 0 , 0 , 0 , 0 , 0 , 0 , 0 , 0 , 0 , 0 , 0 , 0 , 0 , 0 , 0 , 0 , 0 , 0 , 0 , 0 , 0 , 0 , 0 ,
 0 , 0 , 0 , 0 , 0 , 0 , 0 , 0 , 0 , 0 , 0 , 0 , 0 , 0 , 0 , 0 , 0 , 0 , 0 , 0 , 0 , 0 , 0 , 0 , 0 , 0 , 0 , 0 , 0 , 0 , 0 , 0 , 0 ,
 0 , 0 , 0 , 0 , 0 , 0 , 0 , 0 , 0 , 0 , 0 , 0 , 0 , 0 , 0 
db 0 , 0 , 0 , 0 , 0 , 0 , 0 , 0 , 0 , 0 , 0 , 0 , 0 , 0 , 0 , 0 , 0 , 0 , 0 , 0 , 0 , 0 , 0 , 0 , 0 , 0 , 0 , 0 , 0 , 0 , 0 , 0 ,
 0 , 0 , 0 , 0 , 0 , 0 , 0 , 0 , 0 , 0 , 0 , 0 , 0 , 0 , 0 , 0 , 0 , 0 , 0 , 0 , 0 , 0 , 0 , 0 , 0 , 0 , 0 , 0 , 0 , 0 , 0 , 0 , 0 ,
 0 , 0 , 0 , 0 , 0 , 0 , 0 , 0 , 0 , 0 , 0 , 0 , 0 , 0 , 0 
db 0 , 0 , 0 , 0 , 0 , 0 , 0 , 0 , 0 , 0 , 0 , 0 , 0 , 0 , 0 , 0 , 0 , 0 , 0 , 0 , 0 , 0 , 0 , 0 , 0 , 0 , 0 , 0 , 0 , 0 , 0 , 0 ,
 0 , 0 , 0 , 0 , 0 , 0 , 0 , 0 , 0 , 0 , 0 , 0 , 0 , 0 , 0 , 0 , 0 , 0 , 0 , 0 , 0 , 0 , 0 , 0 , 0 , 0 , 0 , 0 , 0 , 0 , 0 , 0 , 0 ,
 0 , 0 , 0 , 0 , 0 , 0 , 0 , 0 , 0 , 0 , 0 , 0 , 0 , 0 , 0 
db 0 , 0 , 0 , 0 , 0 , 0 , 0 , 0 , 0 , 0 , 0 , 0 , 0 , 0 , 0 , 0 , 0 , 0 , 0 , 0 , 0 , 0 , 0 , 0 , 0 , 0 , 0 , 0 , 0 , 0 , 0 , 0 ,
 0 , 0 , 0 , 0 , 0 , 0 , 0 , 0 , 0 , 0 , 0 , 0 , 0 , 0 , 0 , 0 , 0 , 0 , 0 , 0 , 0 , 0 , 0 , 0 , 0 , 0 , 0 , 0 , 0 , 0 , 0 , 0 , 0 ,
 0 , 0 , 0 , 0 , 0 , 0 , 0 , 0 , 0 , 0 , 0 , 0 , 0 , 0 , 0 
;------ END SPRITE --------
;------ BEGIN SPRITE --------
db 80 ; ancho
db 8 ; alto
db 1 , 0 , 111 , 10 , 0 , 32 , 1 , 0 , 13 , 0 , 0 , 16 , 13 , 0 , 0 , 48 , 10 , 32 , 1 , 48 , 13 , 1 , 0 , 111 , 1 , 0 , 111 , 1 ,
 0 , 32 , 1 , 0 , 112 , 1 , 0 , 32 , 1 , 0 , 97 , 1 , 0 , 111 , 1 , 0 , 111 , 15 , 0 , 0 , 5 , 0 , 0 , 0 , 0 , 0 , 37 , 0 , 97 , 0 ,
 37 , 97 , 1 , 0 , 32 , 48 , 0 , 0 , 0 , 0 , 16 , 48 , 0 , 32 , 1 , 16 , 32 , 1 , 0 , 113 , 1 , 0 
db 113 , 1 , 0 , 13 , 1 , 0 , 32 , 1 , 36 , 15 , 1 , 0 , 36 , 15 , 16 , 111 , 13 , 0 , 16 , 12 , 12 , 10 , 1 , 0 , 111 , 1 , 10 ,
 111 , 16 , 0 , 32 , 1 , 0 , 113 , 1 , 0 , 111 , 1 , 0 , 32 , 1 , 0 , 113 , 1 , 0 , 12 , 10 , 0 , 16 , 10 , 0 , 113 , 0 , 48 , 36 ,
 10 , 0 , 16 , 12 , 10 , 113 , 1 , 16 , 0 , 8 , 0 , 0 , 16 , 36 , 12 , 8 , 0 , 111 , 48 , 12 , 8 , 1 , 0 , 111 , 8 
db 0 , 111 , 1 , 36 , 26 , 36 , 12 , 8 , 48 , 13 , 111 , 1 , 0 , 13 , 1 , 0 , 12 , 10 , 0 , 113 , 1 , 13 , 113 , 1 , 0 , 111 , 13 ,
 0 , 48 , 12 , 10 , 0 , 0 , 48 , 48 , 1 , 0 , 97 , 1 , 0 , 97 , 1 , 0 , 97 , 1 , 12 , 12 , 10 , 48 , 13 , 0 , 0 , 48 , 48 , 12 , 13 
, 1 , 36 , 12 , 13 , 0 , 16 , 36 , 8 , 4 , 0 , 48 , 36 , 12 , 12 , 12 , 0 , 16 , 48 , 12 , 12 , 32 , 1 , 36 , 12 
db 1 , 0 , 111 , 0 , 0 , 32 , 1 , 0 , 112 , 1 , 0 , 111 , 1 , 0 , 111 , 1 , 0 , 10 , 1 , 0 , 12 , 12 , 5 , 48 , 1 , 0 , 13 , 26 ,
 32 , 12 , 13 , 0 , 48 , 48 , 24 , 12 , 13 , 0 , 13 , 90 , 0 , 13 , 1 , 36 , 12 , 15 , 13 , 26 , 48 , 12 , 10 , 16 , 48 , 36 , 12 ,
 12 , 26 , 0 , 4 , 12 , 15 , 36 , 12 , 8 , 0 , 24 , 12 , 12 , 12 , 12 , 8 , 8 , 48 , 36 , 12 , 12 , 8 , 16 , 12 , 12 
db 113 , 1 , 0 , 48 , 1 , 0 , 111 , 1 , 0 , 111 , 1 , 12 , 12 , 176 , 48 , 111 , 1 , 0 , 111 , 12 , 12 , 13 , 8 , 5 , 12 , 12 , 15 ,
 164 , 1 , 0 , 13 , 26 , 0 , 111 , 36 , 0 , 14 , 15 , 15 , 164 , 12 , 12 , 10 , 14 , 13 , 13 , 15 , 176 , 48 , 12 , 13 , 10 , 0 ,
 12 , 12 , 12 , 12 , 15 , 10 , 4 , 12 , 12 , 12 , 12 , 0 , 36 , 12 , 12 , 12 , 12 , 5 , 12 , 0 , 36 , 12 , 12 , 12 , 36 , 12 , 12 
db 0 , 97 , 48 , 36 , 12 , 24 , 36 , 13 , 36 , 164 , 88 , 12 , 0 , 32 , 48 , 240 , 24 , 12 , 12 , 12 , 13 , 14 , 97 , 8 , 15 , 32 ,
 90 , 36 , 37 , 12 , 15 , 32 , 1 , 0 , 12 , 12 , 12 , 13 , 240 , 12 , 12 , 13 , 15 , 5 , 1 , 0 , 240 , 48 , 12 , 12 , 12 , 13 , 15 ,
 0 , 12 , 12 , 12 , 12 , 13 , 10 , 12 , 12 , 12 , 0 , 4 , 12 , 12 , 12 , 12 , 8 , 15 , 12 , 12 , 8 , 12 , 12 , 16 , 12 , 12 , 12 
db 1 , 0 , 13 , 14 , 12 , 12 , 1 , 0 , 111 , 1 , 0 , 32 , 1 , 0 , 113 , 1 , 0 , 112 , 1 , 12 , 12 , 12 , 12 , 12 , 0 , 4 , 16 , 12 ,
 12 , 15 , 15 , 14 , 8 , 5 , 164 , 12 , 12 , 88 , 12 , 12 , 12 , 15 , 12 , 12 , 12 , 8 , 48 , 12 , 12 , 12 , 12 , 12 , 12 , 12 , 12 
, 12 , 12 , 12 , 12 , 13 , 1 , 8 , 0 , 16 , 36 , 12 , 12 , 12 , 8 , 15 , 14 , 12 , 12 , 4 , 12 , 8 , 36 , 12 , 12 , 12 
db 111 , 1 , 0 , 32 , 13 , 14 , 111 , 1 , 0 , 32 , 1 , 0 , 111 , 1 , 0 , 32 , 1 , 0 , 111 , 1 , 0 , 32 , 1 , 0 , 97 , 1 , 0 , 97 ,
 12 , 12 , 12 , 13 , 26 , 36 , 90 , 0 , 112 , 1 , 0 , 32 , 1 , 0 , 112 , 1 , 0 , 12 , 12 , 12 , 12 , 12 , 12 , 12 , 12 , 12 , 12 ,
 12 , 12 , 12 , 12 , 12 , 12 , 12 , 12 , 12 , 12 , 12 , 12 , 12 , 5 , 12 , 12 , 12 , 12 , 8 , 12 , 32 , 1 , 0 , 111 , 1 
;------ END SPRITE --------
;------ BEGIN SPRITE --------
db 80 ; ancho
db 8 ; alto
db 0 , 0 , 36 , 10 , 0 , 36 , 1 , 16 , 13 , 0 , 0 , 16 , 13 , 0 , 0 , 48 , 10 , 0 , 1 , 48 , 13 , 0 , 0 , 48 , 0 , 4 , 0 , 0 , 0 ,
 37 , 0 , 0 , 0 , 36 , 0 , 0 , 0 , 0 , 13 , 0 , 16 , 8 , 0 , 16 , 36 , 13 , 0 , 0 , 5 , 0 , 0 , 0 , 0 , 0 , 37 , 0 , 0 , 0 , 37 , 0 
, 0 , 0 , 0 , 48 , 0 , 0 , 0 , 0 , 16 , 37 , 0 , 0 , 0 , 16 , 97 , 0 , 0 , 0 , 0 , 0 
db 32 , 48 , 12 , 13 , 4 , 12 , 10 , 48 , 36 , 10 , 1 , 36 , 37 , 10 , 16 , 48 , 13 , 0 , 16 , 12 , 12 , 10 , 16 , 48 , 32 , 12 , 8 
, 0 , 16 , 12 , 10 , 0 , 48 , 36 , 9 , 0 , 0 , 4 , 12 , 10 , 36 , 12 , 0 , 24 , 48 , 12 , 10 , 0 , 16 , 10 , 0 , 113 , 0 , 48 , 36 ,
 10 , 0 , 16 , 12 , 10 , 0 , 0 , 16 , 12 , 8 , 0 , 0 , 16 , 36 , 13 , 10 , 0 , 0 , 48 , 12 , 130 , 0 , 0 , 0 , 8 
db 24 , 36 , 12 , 15 , 26 , 13 , 14 , 48 , 48 , 13 , 4 , 12 , 12 , 15 , 48 , 48 , 12 , 10 , 0 , 113 , 1 , 15 , 113 , 12 , 12 , 12 ,
 13 , 0 , 48 , 12 , 13 , 48 , 48 , 12 , 12 , 9 , 0 , 12 , 12 , 16 , 73 , 1 , 4 , 36 , 33 , 12 , 12 , 10 , 48 , 13 , 4 , 8 , 48 , 48 
, 12 , 13 , 1 , 36 , 12 , 13 , 0 , 16 , 36 , 12 , 12 , 0 , 48 , 36 , 12 , 12 , 15 , 0 , 16 , 48 , 12 , 73 , 32 , 1 , 36 , 12 
db 12 , 12 , 13 , 0 , 8 , 15 , 16 , 32 , 36 , 15 , 15 , 12 , 12 , 26 , 48 , 36 , 8 , 15 , 13 , 0 , 12 , 14 , 13 , 48 , 12 , 12 , 13 
, 26 , 36 , 12 , 13 , 26 , 12 , 12 , 12 , 13 , 15 , 4 , 13 , 90 , 0 , 13 , 1 , 36 , 12 , 15 , 13 , 26 , 48 , 12 , 10 , 16 , 48 , 36 
, 12 , 12 , 26 , 0 , 4 , 12 , 15 , 36 , 12 , 12 , 8 , 24 , 12 , 12 , 12 , 14 , 10 , 8 , 48 , 36 , 12 , 12 , 8 , 16 , 12 , 12 
db 89 , 4 , 0 , 48 , 9 , 0 , 48 , 4 , 12 , 15 , 11 , 14 , 13 , 176 , 36 , 12 , 9 , 4 , 15 , 12 , 12 , 12 , 8 , 5 , 12 , 12 , 15 ,
 164 , 12 , 12 , 15 , 176 , 12 , 12 , 12 , 15 , 14 , 90 , 15 , 164 , 12 , 12 , 10 , 14 , 13 , 13 , 15 , 176 , 48 , 12 , 13 , 10 , 0 
, 12 , 12 , 12 , 12 , 15 , 10 , 4 , 12 , 12 , 12 , 12 , 0 , 36 , 12 , 12 , 12 , 15 , 4 , 13 , 0 , 36 , 12 , 12 , 12 , 36 , 12 , 12 
db 12 , 12 , 48 , 36 , 12 , 24 , 36 , 12 , 13 , 15 , 13 , 12 , 0 , 48 , 48 , 36 , 24 , 12 , 12 , 12 , 12 , 12 , 12 , 8 , 14 , 32 ,
 90 , 37 , 36 , 13 , 240 , 36 , 12 , 12 , 12 , 12 , 12 , 15 , 240 , 12 , 12 , 13 , 15 , 5 , 1 , 0 , 240 , 48 , 12 , 12 , 12 , 13 ,
 15 , 0 , 12 , 12 , 12 , 12 , 13 , 10 , 12 , 12 , 12 , 0 , 4 , 12 , 12 , 12 , 12 , 8 , 12 , 12 , 15 , 10 , 12 , 12 , 16 , 12 , 12 ,
 12 
db 12 , 12 , 13 , 14 , 12 , 12 , 1 , 12 , 15 , 14 , 12 , 32 , 1 , 0 , 113 , 4 , 12 , 112 , 1 , 12 , 12 , 12 , 12 , 12 , 4 , 12 , 16 
, 12 , 14 , 90 , 12 , 14 , 12 , 12 , 12 , 12 , 13 , 90 , 12 , 12 , 12 , 15 , 12 , 12 , 12 , 8 , 48 , 12 , 12 , 12 , 12 , 12 , 12 ,
 12 , 12 , 12 , 12 , 12 , 12 , 13 , 1 , 8 , 0 , 16 , 36 , 12 , 12 , 12 , 10 , 12 , 12 , 12 , 15 , 4 , 12 , 8 , 36 , 12 , 12 , 12 
db 12 , 12 , 12 , 12 , 12 , 12 , 12 , 12 , 12 , 12 , 12 , 12 , 12 , 12 , 12 , 12 , 12 , 12 , 12 , 12 , 12 , 12 , 12 , 12 , 12 , 12 ,
 12 , 12 , 12 , 12 , 12 , 12 , 14 , 12 , 12 , 13 , 15 , 14 , 12 , 12 , 12 , 12 , 12 , 12 , 12 , 164 , 12 , 12 , 12 , 12 , 12 , 12 ,
 12 , 12 , 12 , 12 , 12 , 12 , 12 , 12 , 12 , 12 , 12 , 12 , 12 , 12 , 12 , 13 , 4 , 12 , 12 , 13 , 14 , 12 , 12 , 12 , 12 , 12 ,
 12 , 12 
;------ END SPRITE --------
;------ BEGIN SPRITE --------
db 10 ; ancho
db 16 ; alto
db 0 , 0 , 128 , 32 , 128 , 0 , 136 , 136 , 68 , 0 
db 0 , 68 , 16 , 136 , 64 , 68 , 128 , 68 , 0 , 0 
db 0 , 0 , 0 , 68 , 64 , 136 , 0 , 64 , 0 , 0 
db 0 , 68 , 0 , 64 , 200 , 200 , 0 , 0 , 136 , 0 
db 0 , 0 , 0 , 64 , 206 , 197 , 130 , 0 , 0 , 0 
db 0 , 0 , 0 , 199 , 204 , 204 , 207 , 130 , 0 , 136 
db 0 , 65 , 198 , 207 , 205 , 216 , 206 , 207 , 130 , 0 
db 65 , 199 , 216 , 218 , 205 , 207 , 240 , 205 , 207 , 130 
db 198 , 205 , 229 , 228 , 218 , 207 , 207 , 228 , 207 , 138 
db 216 , 229 , 218 , 205 , 207 , 207 , 207 , 218 , 207 , 207 
db 229 , 218 , 228 , 207 , 218 , 207 , 228 , 207 , 207 , 207 
db 207 , 207 , 207 , 207 , 207 , 229 , 218 , 205 , 218 , 205 
db 229 , 229 , 207 , 218 , 207 , 229 , 207 , 229 , 207 , 228 
db 218 , 218 , 207 , 218 , 207 , 207 , 207 , 218 , 207 , 218 
db 229 , 229 , 229 , 229 , 207 , 207 , 207 , 218 , 207 , 207 
db 218 , 218 , 218 , 229 , 207 , 207 , 229 , 207 , 207 , 207 
;------ END SPRITE --------
;------ BEGIN SPRITE --------
db 10 ; ancho
db 16 ; alto
db 0 , 68 , 0 , 136 , 196 , 0 , 0 , 136 , 128 , 136 
db 0 , 136 , 68 , 128 , 64 , 68 , 32 , 0 , 136 , 0 
db 0 , 0 , 0 , 68 , 64 , 136 , 0 , 136 , 0 , 0 
db 0 , 0 , 136 , 64 , 204 , 204 , 0 , 68 , 0 , 0 
db 68 , 0 , 0 , 64 , 206 , 197 , 130 , 0 , 0 , 0 
db 0 , 0 , 0 , 199 , 204 , 204 , 207 , 130 , 0 , 0 
db 0 , 65 , 198 , 207 , 205 , 216 , 206 , 207 , 130 , 0 
db 65 , 199 , 216 , 218 , 205 , 207 , 240 , 205 , 207 , 130 
db 198 , 205 , 229 , 228 , 218 , 207 , 207 , 228 , 207 , 138 
db 216 , 229 , 218 , 205 , 207 , 207 , 207 , 218 , 207 , 207 
db 229 , 218 , 228 , 207 , 218 , 207 , 228 , 207 , 207 , 207 
db 207 , 207 , 207 , 207 , 207 , 229 , 218 , 205 , 218 , 205 
db 229 , 229 , 207 , 218 , 207 , 229 , 207 , 229 , 207 , 228 
db 218 , 218 , 207 , 218 , 207 , 207 , 207 , 218 , 207 , 218 
db 229 , 229 , 229 , 229 , 207 , 207 , 207 , 218 , 207 , 207 
db 218 , 218 , 218 , 229 , 207 , 207 , 229 , 207 , 207 , 207 
;------ END SPRITE --------
;------ BEGIN SPRITE --------
db 14 ; ancho
db 16 ; alto
db 0 , 0 , 0 , 0 , 128 , 32 , 128 , 0 , 136 , 136 , 68 , 0 , 0 , 0 
db 0 , 0 , 0 , 68 , 16 , 136 , 64 , 68 , 128 , 68 , 0 , 0 , 0 , 0 
db 0 , 0 , 0 , 0 , 0 , 68 , 64 , 136 , 0 , 64 , 0 , 0 , 0 , 0 
db 0 , 0 , 0 , 68 , 0 , 64 , 200 , 200 , 0 , 0 , 136 , 0 , 0 , 0 
db 0 , 0 , 0 , 0 , 0 , 64 , 206 , 197 , 130 , 0 , 0 , 0 , 0 , 0 
db 0 , 0 , 0 , 0 , 0 , 199 , 204 , 204 , 207 , 130 , 0 , 136 , 0 , 0 
db 0 , 0 , 0 , 65 , 198 , 207 , 205 , 216 , 206 , 207 , 130 , 0 , 0 , 0 
db 0 , 0 , 65 , 199 , 216 , 218 , 205 , 207 , 240 , 205 , 207 , 130 , 0 , 0 
db 0 , 0 , 198 , 205 , 229 , 228 , 218 , 207 , 207 , 228 , 207 , 138 , 0 , 0 
db 0 , 69 , 216 , 229 , 218 , 205 , 207 , 207 , 207 , 218 , 207 , 207 , 0 , 0 
db 0 , 69 , 229 , 218 , 228 , 207 , 218 , 207 , 228 , 207 , 207 , 207 , 0 , 0 
db 0 , 0 , 207 , 207 , 207 , 207 , 207 , 229 , 218 , 205 , 218 , 205 , 138 , 0 
db 0 , 69 , 229 , 229 , 207 , 218 , 207 , 229 , 207 , 229 , 207 , 228 , 138 , 0 
db 0 , 69 , 218 , 218 , 207 , 218 , 207 , 207 , 207 , 218 , 207 , 218 , 0 , 0 
db 0 , 207 , 229 , 229 , 229 , 229 , 207 , 207 , 207 , 218 , 207 , 207 , 138 , 0 
db 0 , 207 , 218 , 218 , 218 , 229 , 207 , 207 , 229 , 207 , 207 , 207 , 138 , 0 
;------ END SPRITE --------
;------ BEGIN SPRITE --------
db 40 ; ancho
db 8 ; alto
db 0 , 48 , 48 , 32 , 0 , 48 , 32 , 0 , 0 , 0 , 48 , 32 , 0 , 0 , 0 , 0 , 0 , 0 , 0 , 0 , 0 , 16 , 37 , 48 , 48 , 48 , 32 , 0 , 0 ,
 0 , 0 , 0 , 0 , 0 , 0 , 0 , 0 , 0 , 0 , 0 
db 16 , 48 , 26 , 48 , 48 , 37 , 26 , 0 , 16 , 48 , 15 , 48 , 48 , 0 , 0 , 0 , 0 , 0 , 0 , 0 , 0 , 15 , 15 , 15 , 26 , 32 , 16 , 48 
, 0 , 0 , 0 , 0 , 0 , 0 , 0 , 0 , 0 , 0 , 0 , 0 
db 37 , 26 , 48 , 48 , 48 , 48 , 15 , 37 , 15 , 15 , 26 , 48 , 32 , 0 , 0 , 0 , 0 , 0 , 0 , 0 , 16 , 15 , 15 , 15 , 15 , 48 , 48 ,
 48 , 48 , 32 , 0 , 0 , 0 , 0 , 0 , 0 , 0 , 0 , 0 , 0 
db 37 , 48 , 48 , 48 , 48 , 48 , 37 , 15 , 15 , 15 , 48 , 48 , 48 , 32 , 0 , 0 , 0 , 0 , 0 , 0 , 16 , 15 , 15 , 15 , 15 , 15 , 15 ,
 26 , 48 , 48 , 48 , 32 , 0 , 0 , 0 , 0 , 0 , 0 , 0 , 0 
db 26 , 48 , 48 , 26 , 15 , 26 , 37 , 15 , 26 , 48 , 48 , 48 , 48 , 32 , 0 , 0 , 0 , 0 , 0 , 0 , 16 , 15 , 15 , 15 , 15 , 15 , 15 ,
 15 , 26 , 48 , 48 , 0 , 0 , 0 , 0 , 0 , 0 , 0 , 0 , 0 
db 10 , 48 , 26 , 15 , 15 , 15 , 15 , 15 , 15 , 26 , 48 , 48 , 37 , 15 , 0 , 0 , 0 , 0 , 0 , 0 , 0 , 37 , 15 , 15 , 15 , 15 , 15 ,
 15 , 26 , 48 , 0 , 0 , 0 , 0 , 0 , 0 , 0 , 0 , 0 , 0 
db 5 , 5 , 15 , 10 , 15 , 15 , 15 , 10 , 15 , 15 , 48 , 15 , 15 , 10 , 0 , 0 , 0 , 0 , 0 , 0 , 0 , 16 , 15 , 15 , 15 , 15 , 26 , 48 
, 32 , 0 , 0 , 0 , 0 , 0 , 0 , 0 , 0 , 0 , 0 , 0 
db 0 , 15 , 15 , 0 , 0 , 5 , 15 , 15 , 15 , 15 , 15 , 15 , 0 , 0 , 0 , 0 , 0 , 0 , 0 , 0 , 0 , 0 , 37 , 15 , 48 , 48 , 32 , 0 , 0 ,
 0 , 0 , 0 , 0 , 0 , 0 , 0 , 0 , 0 , 0 , 0 
;------ END SPRITE --------
;------ BEGIN SPRITE --------
db 14 ; ancho
db 16 ; alto
db 0 , 0 , 0 , 0 , 64 , 136 , 0 , 204 , 68 , 128 , 0 , 0 , 0 , 0 
db 0 , 0 , 0 , 196 , 0 , 68 , 0 , 200 , 0 , 136 , 128 , 0 , 0 , 0 
db 0 , 0 , 0 , 0 , 128 , 0 , 204 , 128 , 68 , 64 , 0 , 68 , 0 , 0 
db 0 , 0 , 0 , 0 , 136 , 68 , 136 , 128 , 136 , 0 , 136 , 0 , 0 , 0 
db 0 , 0 , 0 , 64 , 0 , 64 , 206 , 196 , 130 , 0 , 0 , 0 , 0 , 0 
db 0 , 0 , 0 , 0 , 0 , 199 , 204 , 204 , 207 , 130 , 64 , 0 , 0 , 0 
db 0 , 0 , 0 , 65 , 198 , 207 , 205 , 216 , 206 , 207 , 130 , 0 , 0 , 0 
db 0 , 0 , 65 , 199 , 216 , 218 , 205 , 207 , 240 , 205 , 207 , 130 , 0 , 0 
db 0 , 0 , 198 , 205 , 229 , 228 , 218 , 207 , 207 , 228 , 207 , 138 , 0 , 0 
db 0 , 69 , 216 , 229 , 218 , 205 , 207 , 207 , 207 , 218 , 207 , 207 , 0 , 0 
db 0 , 69 , 229 , 218 , 228 , 207 , 218 , 207 , 228 , 207 , 207 , 207 , 0 , 0 
db 0 , 0 , 207 , 207 , 207 , 207 , 207 , 229 , 218 , 205 , 218 , 205 , 138 , 0 
db 0 , 69 , 229 , 229 , 207 , 218 , 207 , 229 , 207 , 229 , 207 , 228 , 138 , 0 
db 0 , 69 , 218 , 218 , 207 , 218 , 207 , 207 , 207 , 218 , 207 , 218 , 0 , 0 
db 0 , 207 , 229 , 229 , 229 , 229 , 207 , 207 , 207 , 218 , 207 , 207 , 138 , 0 
db 0 , 207 , 218 , 218 , 218 , 229 , 207 , 207 , 229 , 207 , 207 , 207 , 138 , 0 
;------ END SPRITE --------
;------ BEGIN SPRITE --------
db 40 ; ancho
db 8 ; alto
db 0 , 0 , 0 , 0 , 0 , 32 , 0 , 0 , 0 , 0 , 0 , 0 , 0 , 0 , 0 , 0 , 0 , 32 , 0 , 0 , 0 , 0 , 0 , 0 , 32 , 0 , 0 , 0 , 0 , 0 , 207 ,
 130 , 0 , 0 , 0 , 32 , 0 , 0 , 0 , 0 
db 0 , 0 , 0 , 0 , 16 , 48 , 0 , 0 , 0 , 0 , 138 , 0 , 0 , 0 , 0 , 0 , 16 , 207 , 0 , 0 , 0 , 0 , 0 , 16 , 48 , 0 , 0 , 0 , 0 , 69 ,
 207 , 195 , 0 , 0 , 16 , 48 , 0 , 0 , 0 , 0 
db 0 , 0 , 0 , 0 , 48 , 48 , 32 , 0 , 138 , 69 , 207 , 0 , 0 , 0 , 0 , 0 , 207 , 207 , 138 , 0 , 0 , 0 , 0 , 48 , 207 , 138 , 0 , 0 
, 69 , 207 , 229 , 203 , 130 , 0 , 48 , 207 , 130 , 0 , 0 , 0 
db 0 , 0 , 0 , 48 , 101 , 101 , 154 , 69 , 207 , 207 , 207 , 130 , 0 , 0 , 0 , 207 , 207 , 207 , 203 , 0 , 0 , 0 , 0 , 101 , 101 ,
 207 , 130 , 0 , 207 , 218 , 207 , 207 , 195 , 207 , 207 , 207 , 195 , 0 , 0 , 0 
db 0 , 0 , 69 , 207 , 101 , 207 , 207 , 130 , 207 , 207 , 203 , 195 , 0 , 0 , 69 , 207 , 218 , 207 , 203 , 130 , 0 , 0 , 69 , 207 ,
 207 , 207 , 207 , 195 , 207 , 218 , 207 , 207 , 203 , 195 , 207 , 195 , 195 , 130 , 138 , 0 
db 138 , 0 , 207 , 207 , 207 , 218 , 207 , 203 , 0 , 69 , 207 , 203 , 130 , 0 , 207 , 229 , 229 , 207 , 195 , 195 , 0 , 0 , 199 ,
 207 , 207 , 229 , 207 , 203 , 207 , 229 , 207 , 207 , 195 , 207 , 203 , 195 , 195 , 229 , 207 , 0 
db 138 , 207 , 218 , 207 , 207 , 207 , 218 , 207 , 207 , 130 , 69 , 207 , 195 , 69 , 218 , 207 , 207 , 203 , 195 , 195 , 130 , 65 ,
 207 , 207 , 207 , 229 , 207 , 207 , 218 , 207 , 207 , 207 , 203 , 207 , 207 , 203 , 210 , 207 , 229 , 207 
db 69 , 207 , 229 , 207 , 207 , 207 , 207 , 229 , 207 , 203 , 195 , 207 , 195 , 207 , 218 , 207 , 207 , 207 , 207 , 195 , 199 , 199 
, 207 , 207 , 207 , 218 , 207 , 207 , 207 , 207 , 207 , 207 , 207 , 199 , 207 , 203 , 229 , 218 , 207 , 207 
;------ END SPRITE --------
;------ BEGIN SPRITE --------
db 80 ; ancho
db 8 ; alto
db 207 , 138 , 36 , 10 , 138 , 36 , 1 , 16 , 13 , 69 , 207 , 16 , 13 , 69 , 138 , 48 , 10 , 207 , 139 , 48 , 13 , 69 , 138 , 48 ,
 69 , 4 , 69 , 207 , 138 , 37 , 69 , 207 , 0 , 36 , 0 , 207 , 207 , 138 , 13 , 69 , 16 , 8 , 207 , 16 , 36 , 13 , 69 , 207 , 5 , 69 
, 207 , 0 , 207 , 0 , 37 , 69 , 207 , 138 , 37 , 69 , 207 , 207 , 138 , 48 , 69 , 207 , 207 , 138 , 16 , 37 , 69 , 207 , 207 , 16 ,
 97 , 0 , 207 , 207 , 207 , 69 
db 101 , 48 , 12 , 13 , 4 , 12 , 10 , 48 , 36 , 10 , 139 , 36 , 37 , 10 , 16 , 48 , 13 , 69 , 16 , 12 , 12 , 10 , 16 , 48 , 32 , 12 
, 8 , 207 , 16 , 12 , 10 , 0 , 48 , 36 , 9 , 69 , 207 , 4 , 12 , 10 , 36 , 12 , 0 , 24 , 48 , 12 , 10 , 69 , 16 , 10 , 138 , 113 ,
 0 , 48 , 36 , 10 , 138 , 16 , 12 , 10 , 207 , 138 , 16 , 12 , 8 , 207 , 0 , 16 , 36 , 13 , 10 , 207 , 138 , 48 , 12 , 130 , 69 , 0 
, 0 , 8 
db 24 , 36 , 12 , 15 , 26 , 13 , 14 , 48 , 48 , 13 , 4 , 12 , 12 , 15 , 48 , 48 , 12 , 10 , 0 , 113 , 1 , 15 , 113 , 12 , 12 , 12 ,
 13 , 0 , 48 , 12 , 13 , 48 , 48 , 12 , 12 , 9 , 0 , 12 , 12 , 16 , 73 , 1 , 4 , 36 , 33 , 12 , 12 , 10 , 48 , 13 , 4 , 8 , 48 , 48 
, 12 , 13 , 1 , 36 , 12 , 13 , 0 , 16 , 36 , 12 , 12 , 0 , 48 , 36 , 12 , 12 , 15 , 0 , 16 , 48 , 12 , 73 , 32 , 1 , 36 , 12 
db 12 , 12 , 13 , 0 , 8 , 15 , 16 , 32 , 36 , 15 , 15 , 12 , 12 , 26 , 48 , 36 , 8 , 15 , 13 , 0 , 12 , 14 , 13 , 48 , 12 , 12 , 13 
, 26 , 36 , 12 , 13 , 26 , 12 , 12 , 12 , 13 , 15 , 4 , 13 , 90 , 0 , 13 , 1 , 36 , 12 , 15 , 13 , 26 , 48 , 12 , 10 , 16 , 48 , 36 
, 12 , 12 , 26 , 0 , 4 , 12 , 15 , 36 , 12 , 12 , 8 , 24 , 12 , 12 , 12 , 14 , 10 , 8 , 48 , 36 , 12 , 12 , 8 , 16 , 12 , 12 
db 89 , 4 , 0 , 48 , 9 , 0 , 48 , 4 , 12 , 15 , 11 , 14 , 13 , 176 , 36 , 12 , 9 , 4 , 15 , 12 , 12 , 12 , 8 , 5 , 12 , 12 , 15 ,
 164 , 12 , 12 , 15 , 176 , 12 , 12 , 12 , 15 , 14 , 90 , 15 , 164 , 12 , 12 , 10 , 14 , 13 , 13 , 15 , 176 , 48 , 12 , 13 , 10 , 0 
, 12 , 12 , 12 , 12 , 15 , 10 , 4 , 12 , 12 , 12 , 12 , 0 , 36 , 12 , 12 , 12 , 15 , 4 , 13 , 0 , 36 , 12 , 12 , 12 , 36 , 12 , 12 
db 12 , 12 , 48 , 36 , 12 , 24 , 36 , 12 , 13 , 15 , 13 , 12 , 0 , 48 , 48 , 36 , 24 , 12 , 12 , 12 , 12 , 12 , 12 , 8 , 14 , 32 ,
 90 , 37 , 36 , 13 , 240 , 36 , 12 , 12 , 12 , 12 , 12 , 15 , 240 , 12 , 12 , 13 , 15 , 5 , 1 , 0 , 240 , 48 , 12 , 12 , 12 , 13 ,
 15 , 0 , 12 , 12 , 12 , 12 , 13 , 10 , 12 , 12 , 12 , 0 , 4 , 12 , 12 , 12 , 12 , 8 , 12 , 12 , 15 , 10 , 12 , 12 , 16 , 12 , 12 ,
 12 
db 12 , 12 , 13 , 14 , 12 , 12 , 1 , 12 , 15 , 14 , 12 , 32 , 1 , 0 , 113 , 4 , 12 , 112 , 1 , 12 , 12 , 12 , 12 , 12 , 4 , 12 , 16 
, 12 , 14 , 90 , 12 , 14 , 12 , 12 , 12 , 12 , 13 , 90 , 12 , 12 , 12 , 15 , 12 , 12 , 12 , 8 , 48 , 12 , 12 , 12 , 12 , 12 , 12 ,
 12 , 12 , 12 , 12 , 12 , 12 , 13 , 1 , 8 , 0 , 16 , 36 , 12 , 12 , 12 , 10 , 12 , 12 , 12 , 15 , 4 , 12 , 8 , 36 , 12 , 12 , 12 
db 12 , 12 , 12 , 12 , 12 , 12 , 12 , 12 , 12 , 12 , 12 , 12 , 12 , 12 , 12 , 12 , 12 , 12 , 12 , 12 , 12 , 12 , 12 , 12 , 12 , 12 ,
 12 , 12 , 12 , 12 , 12 , 12 , 14 , 12 , 12 , 13 , 15 , 14 , 12 , 12 , 12 , 12 , 12 , 12 , 12 , 164 , 12 , 12 , 12 , 12 , 12 , 12 ,
 12 , 12 , 12 , 12 , 12 , 12 , 12 , 12 , 12 , 12 , 12 , 12 , 12 , 12 , 12 , 13 , 4 , 12 , 12 , 13 , 14 , 12 , 12 , 12 , 12 , 12 ,
 12 , 12 
;------ END SPRITE --------
;------ BEGIN SPRITE --------
db 10 ; ancho
db 40 ; alto
db 0 , 0 , 0 , 0 , 0 , 0 , 19 , 51 , 51 , 207 
db 0 , 0 , 0 , 0 , 1 , 51 , 35 , 131 , 3 , 207 
db 0 , 0 , 65 , 51 , 51 , 67 , 195 , 195 , 199 , 3 
db 0 , 65 , 51 , 67 , 195 , 195 , 195 , 195 , 131 , 71 
db 0 , 147 , 67 , 195 , 195 , 195 , 105 , 195 , 199 , 139 
db 0 , 35 , 195 , 195 , 210 , 195 , 195 , 195 , 218 , 71 
db 65 , 67 , 195 , 210 , 240 , 240 , 195 , 195 , 225 , 139 
db 17 , 195 , 210 , 195 , 74 , 165 , 225 , 225 , 195 , 199 
db 17 , 195 , 225 , 195 , 210 , 15 , 195 , 195 , 195 , 203 
db 35 , 210 , 225 , 195 , 135 , 90 , 195 , 195 , 199 , 199 
db 99 , 195 , 195 , 195 , 210 , 195 , 131 , 3 , 139 , 218 
db 99 , 195 , 195 , 195 , 195 , 195 , 210 , 199 , 71 , 3 
db 99 , 195 , 195 , 195 , 195 , 195 , 195 , 210 , 210 , 195 
db 99 , 131 , 195 , 195 , 195 , 131 , 195 , 195 , 195 , 195 
db 17 , 99 , 195 , 195 , 195 , 195 , 67 , 199 , 199 , 199 
db 16 , 49 , 195 , 195 , 195 , 195 , 131 , 139 , 139 , 139 
db 16 , 0 , 51 , 195 , 195 , 195 , 195 , 210 , 71 , 71 
db 16 , 0 , 146 , 51 , 195 , 195 , 195 , 195 , 210 , 139 
db 0 , 0 , 48 , 65 , 51 , 195 , 195 , 195 , 195 , 210 
db 0 , 0 , 32 , 0 , 49 , 195 , 195 , 195 , 195 , 195 
db 0 , 0 , 0 , 0 , 32 , 51 , 65 , 195 , 195 , 195 
db 0 , 0 , 0 , 0 , 0 , 0 , 99 , 69 , 34 , 195 
db 0 , 0 , 0 , 0 , 0 , 17 , 195 , 203 , 155 , 195 
db 0 , 0 , 0 , 0 , 0 , 99 , 130 , 69 , 199 , 99 
db 0 , 0 , 0 , 32 , 17 , 195 , 65 , 203 , 203 , 99 
db 0 , 0 , 0 , 48 , 99 , 195 , 199 , 69 , 199 , 99 
db 0 , 32 , 0 , 49 , 195 , 130 , 130 , 203 , 203 , 155 
db 0 , 32 , 0 , 99 , 65 , 65 , 69 , 69 , 199 , 147 
db 0 , 48 , 51 , 130 , 130 , 130 , 138 , 203 , 203 , 155 
db 0 , 51 , 195 , 195 , 65 , 65 , 69 , 199 , 199 , 147 
db 17 , 195 , 195 , 130 , 130 , 130 , 203 , 203 , 203 , 155 
db 99 , 195 , 195 , 65 , 65 , 69 , 69 , 199 , 199 , 147 
db 195 , 195 , 195 , 130 , 130 , 138 , 203 , 203 , 203 , 114 
db 99 , 195 , 195 , 65 , 65 , 69 , 69 , 195 , 51 , 225 
db 99 , 195 , 130 , 130 , 130 , 138 , 203 , 155 , 240 , 225 
db 99 , 195 , 65 , 65 , 69 , 69 , 69 , 34 , 114 , 195 
db 17 , 195 , 130 , 130 , 138 , 203 , 155 , 0 , 17 , 225 
db 0 , 51 , 195 , 69 , 69 , 17 , 34 , 0 , 0 , 99 
db 0 , 0 , 51 , 138 , 155 , 34 , 0 , 0 , 0 , 65 
db 0 , 0 , 0 , 51 , 34 , 0 , 0 , 0 , 0 , 0 
;------ END SPRITE --------
;------ BEGIN SPRITE --------
db 4 ; ancho
db 8 ; alto
db 4 , 36 , 0 , 0 
db 24 , 48 , 8 , 0 
db 48 , 52 , 32 , 0 
db 48 , 52 , 32 , 0 
db 48 , 52 , 32 , 0 
db 48 , 52 , 32 , 0 
db 48 , 52 , 32 , 0 
db 48 , 52 , 32 , 0 
;------ END SPRITE --------
;------ BEGIN SPRITE --------
db 4 ; ancho
db 8 ; alto
db 48 , 48 , 32 , 0 
db 48 , 48 , 32 , 0 
db 48 , 48 , 32 , 0 
db 48 , 48 , 32 , 0 
db 48 , 48 , 32 , 0 
db 48 , 48 , 32 , 0 
db 48 , 48 , 32 , 0 
db 48 , 48 , 32 , 0 
;------ END SPRITE --------
;------ BEGIN SPRITE --------
db 4 ; ancho
db 8 ; alto
db 48 , 48 , 32 , 0 
db 48 , 48 , 32 , 0 
db 48 , 48 , 32 , 0 
db 24 , 36 , 8 , 0 
db 12 , 12 , 8 , 0 
db 12 , 12 , 8 , 0 
db 12 , 12 , 8 , 0 
db 12 , 12 , 8 , 0 
;------ END SPRITE --------
;------ BEGIN SPRITE --------
db 4 ; ancho
db 8 ; alto
db 12 , 12 , 8 , 0 
db 12 , 12 , 8 , 0 
db 12 , 12 , 8 , 0 
db 12 , 12 , 8 , 0 
db 12 , 12 , 8 , 0 
db 12 , 12 , 8 , 0 
db 14 , 12 , 10 , 0 
db 5 , 13 , 0 , 0 
;------ END SPRITE --------
;------ BEGIN SPRITE --------
db 4 ; ancho
db 8 ; alto
db 12 , 12 , 8 , 0 
db 12 , 12 , 8 , 0 
db 12 , 12 , 8 , 0 
db 12 , 12 , 12 , 0 
db 12 , 12 , 12 , 8 
db 12 , 12 , 12 , 12 
db 12 , 12 , 12 , 12 
db 12 , 12 , 12 , 12 
;------ END SPRITE --------
;------ BEGIN SPRITE --------
db 4 ; ancho
db 8 ; alto
db 12 , 12 , 12 , 12 
db 12 , 12 , 12 , 12 
db 12 , 12 , 12 , 12 
db 12 , 12 , 12 , 12 
db 12 , 12 , 12 , 12 
db 12 , 12 , 12 , 12 
db 12 , 12 , 12 , 12 
db 12 , 12 , 12 , 12 
;------ END SPRITE --------
;------ BEGIN SPRITE --------
db 4 ; ancho
db 8 ; alto
db 12 , 12 , 12 , 12 
db 12 , 12 , 12 , 12 
db 12 , 12 , 12 , 12 
db 12 , 12 , 12 , 12 
db 12 , 12 , 12 , 12 
db 12 , 12 , 12 , 12 
db 14 , 12 , 12 , 13 
db 5 , 12 , 12 , 10 
;------ END SPRITE --------
;------ BEGIN SPRITE --------
db 12 ; ancho
db 32 ; alto
db 0 , 0 , 0 , 16 , 112 , 51 , 51 , 176 , 32 , 0 , 0 , 0 
db 0 , 0 , 0 , 114 , 48 , 177 , 114 , 48 , 177 , 0 , 0 , 0 
db 0 , 0 , 65 , 147 , 50 , 49 , 50 , 49 , 99 , 130 , 0 , 0 
db 0 , 0 , 65 , 99 , 50 , 177 , 114 , 49 , 147 , 130 , 0 , 0 
db 0 , 0 , 65 , 99 , 210 , 51 , 51 , 225 , 147 , 130 , 0 , 0 
db 0 , 0 , 17 , 51 , 51 , 177 , 114 , 51 , 51 , 34 , 0 , 0 
db 0 , 32 , 147 , 195 , 147 , 114 , 177 , 99 , 195 , 99 , 16 , 0 
db 0 , 32 , 130 , 240 , 195 , 51 , 51 , 195 , 240 , 65 , 16 , 0 
db 0 , 48 , 130 , 80 , 225 , 51 , 51 , 210 , 160 , 65 , 48 , 0 
db 0 , 48 , 195 , 240 , 240 , 177 , 114 , 240 , 240 , 195 , 48 , 0 
db 0 , 16 , 130 , 80 , 112 , 177 , 114 , 176 , 160 , 65 , 32 , 0 
db 0 , 17 , 195 , 99 , 48 , 51 , 51 , 48 , 147 , 195 , 34 , 0 
db 0 , 0 , 65 , 51 , 131 , 19 , 35 , 67 , 51 , 130 , 0 , 0 
db 0 , 0 , 195 , 195 , 35 , 177 , 114 , 19 , 195 , 195 , 0 , 0 
db 0 , 0 , 147 , 51 , 82 , 51 , 51 , 161 , 51 , 99 , 0 , 0 
db 0 , 130 , 195 , 51 , 177 , 51 , 51 , 114 , 51 , 195 , 65 , 0 
db 65 , 130 , 195 , 195 , 51 , 51 , 51 , 51 , 195 , 195 , 65 , 130 
db 195 , 130 , 195 , 147 , 19 , 51 , 51 , 35 , 99 , 195 , 65 , 195 
db 195 , 130 , 65 , 99 , 51 , 51 , 51 , 51 , 147 , 130 , 65 , 195 
db 0 , 130 , 65 , 51 , 147 , 51 , 51 , 99 , 51 , 130 , 65 , 0 
db 0 , 0 , 65 , 195 , 51 , 147 , 99 , 51 , 195 , 130 , 0 , 0 
db 0 , 0 , 17 , 147 , 99 , 177 , 114 , 147 , 99 , 34 , 0 , 0 
db 0 , 65 , 17 , 210 , 99 , 177 , 114 , 147 , 225 , 34 , 130 , 0 
db 0 , 195 , 17 , 240 , 177 , 147 , 99 , 114 , 240 , 34 , 195 , 0 
db 0 , 195 , 0 , 114 , 0 , 51 , 51 , 0 , 177 , 0 , 195 , 0 
db 0 , 195 , 130 , 99 , 0 , 160 , 80 , 0 , 147 , 65 , 195 , 0 
db 65 , 130 , 0 , 99 , 0 , 240 , 240 , 0 , 147 , 0 , 65 , 130 
db 65 , 0 , 65 , 17 , 0 , 0 , 0 , 0 , 34 , 130 , 0 , 130 
db 0 , 0 , 65 , 0 , 34 , 204 , 204 , 17 , 0 , 130 , 0 , 0 
db 0 , 0 , 195 , 130 , 17 , 204 , 204 , 34 , 65 , 195 , 0 , 0 
db 0 , 0 , 130 , 0 , 17 , 204 , 204 , 34 , 0 , 65 , 0 , 0 
db 0 , 0 , 0 , 0 , 0 , 102 , 153 , 0 , 0 , 0 , 0 , 0 
;------ END SPRITE --------
K;------ BEGIN SPRITE --------
db 80 ; ancho
db 8 ; alto
db 0 , 0 , 0 , 0 , 0 , 0 , 0 , 0 , 0 , 0 , 0 , 0 , 0 , 0 , 0 , 0 , 0 , 0 , 0 , 0 , 0 , 0 , 0 , 0 , 0 , 0 , 0 , 0 , 0 , 0 , 0 , 0 ,
 0 , 0 , 0 , 0 , 0 , 0 , 0 , 0 , 0 , 0 , 0 , 0 , 0 , 0 , 0 , 0 , 0 , 0 , 0 , 0 , 0 , 0 , 0 , 0 , 0 , 0 , 0 , 0 , 0 , 0 , 0 , 0 , 0 ,
 0 , 0 , 0 , 0 , 0 , 0 , 0 , 0 , 0 , 0 , 0 , 0 , 0 , 0 , 0 
db 0 , 0 , 0 , 0 , 0 , 0 , 0 , 0 , 0 , 0 , 0 , 0 , 0 , 0 , 0 , 0 , 0 , 0 , 0 , 0 , 0 , 0 , 0 , 0 , 0 , 0 , 0 , 0 , 0 , 0 , 0 , 0 ,
 0 , 0 , 0 , 0 , 0 , 0 , 0 , 0 , 0 , 0 , 0 , 0 , 0 , 0 , 0 , 0 , 0 , 0 , 0 , 0 , 0 , 0 , 0 , 0 , 0 , 0 , 0 , 0 , 0 , 0 , 0 , 0 , 0 ,
 0 , 0 , 0 , 0 , 0 , 0 , 0 , 0 , 0 , 0 , 0 , 0 , 0 , 0 , 0 
db 0 , 0 , 0 , 0 , 0 , 0 , 0 , 0 , 0 , 0 , 0 , 0 , 0 , 0 , 0 , 0 , 0 , 0 , 0 , 0 , 0 , 0 , 0 , 0 , 0 , 0 , 0 , 0 , 0 , 0 , 0 , 0 ,
 0 , 0 , 0 , 0 , 0 , 0 , 0 , 0 , 0 , 0 , 0 , 0 , 0 , 0 , 0 , 0 , 0 , 0 , 0 , 0 , 0 , 0 , 0 , 0 , 0 , 0 , 0 , 0 , 0 , 0 , 0 , 0 , 0 ,
 0 , 0 , 0 , 0 , 0 , 0 , 0 , 0 , 0 , 0 , 0 , 0 , 0 , 0 , 0 
db 0 , 0 , 0 , 0 , 0 , 0 , 0 , 0 , 0 , 0 , 0 , 0 , 0 , 0 , 0 , 0 , 0 , 0 , 0 , 0 , 0 , 0 , 0 , 0 , 0 , 0 , 0 , 0 , 0 , 0 , 0 , 0 ,
 0 , 0 , 0 , 0 , 0 , 0 , 0 , 0 , 0 , 0 , 0 , 0 , 0 , 0 , 0 , 0 , 0 , 0 , 0 , 0 , 0 , 0 , 0 , 0 , 0 , 0 , 0 , 0 , 0 , 0 , 0 , 0 , 0 ,
 0 , 0 , 0 , 0 , 0 , 0 , 0 , 0 , 0 , 0 , 0 , 0 , 0 , 0 , 0 
db 0 , 0 , 0 , 0 , 0 , 0 , 0 , 0 , 0 , 0 , 0 , 0 , 0 , 0 , 0 , 0 , 0 , 0 , 0 , 0 , 0 , 0 , 0 , 0 , 0 , 0 , 0 , 0 , 0 , 0 , 0 , 0 ,
 0 , 0 , 0 , 0 , 0 , 0 , 0 , 0 , 0 , 0 , 0 , 0 , 0 , 0 , 0 , 0 , 0 , 0 , 0 , 0 , 0 , 0 , 0 , 0 , 0 , 0 , 0 , 0 , 0 , 0 , 0 , 0 , 0 ,
 0 , 0 , 0 , 0 , 0 , 0 , 0 , 0 , 0 , 0 , 0 , 0 , 0 , 0 , 0 
db 0 , 0 , 0 , 0 , 0 , 0 , 0 , 0 , 0 , 0 , 0 , 0 , 0 , 0 , 0 , 0 , 0 , 0 , 0 , 0 , 0 , 0 , 0 , 0 , 0 , 0 , 0 , 0 , 0 , 0 , 0 , 0 ,
 0 , 0 , 0 , 0 , 0 , 0 , 0 , 0 , 0 , 0 , 0 , 0 , 0 , 0 , 0 , 0 , 0 , 0 , 0 , 0 , 0 , 0 , 0 , 0 , 0 , 0 , 0 , 0 , 0 , 0 , 0 , 0 , 0 ,
 0 , 0 , 0 , 0 , 0 , 0 , 0 , 0 , 0 , 0 , 0 , 0 , 0 , 0 , 0 
db 0 , 0 , 0 , 0 , 0 , 0 , 0 , 0 , 0 , 0 , 0 , 0 , 0 , 0 , 0 , 0 , 0 , 0 , 0 , 0 , 0 , 0 , 0 , 0 , 0 , 0 , 0 , 0 , 0 , 0 , 0 , 0 ,
 0 , 0 , 0 , 0 , 0 , 0 , 0 , 0 , 0 , 0 , 0 , 0 , 0 , 0 , 0 , 0 , 0 , 0 , 0 , 0 , 0 , 0 , 0 , 0 , 0 , 0 , 0 , 0 , 0 , 0 , 0 , 0 , 0 ,
 0 , 0 , 0 , 0 , 0 , 0 , 0 , 0 , 0 , 0 , 0 , 0 , 0 , 0 , 0 
db 0 , 0 , 0 , 0 , 0 , 0 , 0 , 0 , 0 , 0 , 0 , 0 , 0 , 0 , 0 , 0 , 0 , 0 , 0 , 0 , 0 , 0 , 0 , 0 , 0 , 0 , 0 , 0 , 0 , 0 , 0 , 0 ,
 0 , 0 , 0 , 0 , 0 , 0 , 0 , 0 , 0 , 0 , 0 , 0 , 0 , 0 , 0 , 0 , 0 , 0 , 0 , 0 , 0 , 0 , 0 , 0 , 0 , 0 , 0 , 0 , 0 , 0 , 0 , 0 , 0 ,
 0 , 0 , 0 , 0 , 0 , 0 , 0 , 0 , 0 , 0 , 0 , 0 , 0 , 0 , 0 
;------ END SPRITE --------
;------ BEGIN SPRITE --------
db 80 ; ancho
db 8 ; alto
db 240 , 0 , 0 , 0 , 0 , 0 , 0 , 0 , 0 , 0 , 0 , 0 , 0 , 0 , 0 , 0 , 0 , 0 , 0 , 0 , 0 , 0 , 0 , 0 , 0 , 0 , 0 , 0 , 0 , 0 , 0 , 0 ,
 0 , 0 , 0 , 0 , 0 , 0 , 0 , 0 , 0 , 0 , 0 , 0 , 0 , 0 , 0 , 0 , 0 , 0 , 0 , 0 , 0 , 0 , 0 , 0 , 0 , 0 , 0 , 0 , 0 , 0 , 0 , 0 , 0 ,
 0 , 0 , 0 , 0 , 0 , 0 , 0 , 0 , 0 , 0 , 0 , 0 , 0 , 0 , 0 
db 0 , 0 , 0 , 0 , 0 , 0 , 0 , 0 , 0 , 0 , 0 , 0 , 0 , 0 , 0 , 0 , 0 , 0 , 0 , 0 , 0 , 0 , 0 , 0 , 0 , 0 , 0 , 0 , 0 , 0 , 0 , 0 ,
 0 , 0 , 0 , 0 , 0 , 0 , 0 , 0 , 0 , 0 , 0 , 0 , 0 , 0 , 0 , 0 , 0 , 0 , 0 , 0 , 0 , 0 , 0 , 0 , 0 , 0 , 0 , 0 , 0 , 0 , 0 , 0 , 0 ,
 0 , 0 , 0 , 0 , 0 , 0 , 0 , 0 , 0 , 0 , 0 , 0 , 0 , 0 , 0 
db 0 , 0 , 0 , 0 , 0 , 0 , 0 , 0 , 0 , 0 , 0 , 0 , 0 , 0 , 0 , 0 , 0 , 0 , 0 , 0 , 0 , 0 , 0 , 0 , 0 , 0 , 0 , 0 , 0 , 0 , 0 , 0 ,
 0 , 0 , 0 , 0 , 0 , 0 , 0 , 0 , 0 , 0 , 0 , 0 , 0 , 0 , 0 , 0 , 0 , 0 , 0 , 0 , 0 , 0 , 0 , 0 , 0 , 0 , 0 , 0 , 0 , 0 , 0 , 0 , 0 ,
 0 , 0 , 0 , 0 , 0 , 0 , 0 , 0 , 0 , 0 , 0 , 0 , 0 , 0 , 0 
db 0 , 0 , 0 , 0 , 0 , 0 , 0 , 0 , 0 , 0 , 0 , 0 , 0 , 0 , 0 , 0 , 0 , 0 , 0 , 0 , 0 , 0 , 0 , 0 , 0 , 0 , 0 , 0 , 0 , 0 , 0 , 0 ,
 0 , 0 , 0 , 0 , 0 , 0 , 0 , 0 , 0 , 0 , 0 , 0 , 0 , 0 , 0 , 0 , 0 , 0 , 0 , 0 , 0 , 0 , 0 , 0 , 0 , 0 , 0 , 0 , 0 , 0 , 0 , 0 , 0 ,
 0 , 0 , 0 , 0 , 0 , 0 , 0 , 0 , 0 , 0 , 0 , 0 , 0 , 0 , 0 
db 0 , 0 , 0 , 0 , 0 , 0 , 0 , 0 , 0 , 0 , 0 , 0 , 0 , 0 , 0 , 0 , 0 , 0 , 0 , 0 , 0 , 0 , 0 , 0 , 0 , 0 , 0 , 0 , 0 , 0 , 0 , 0 ,
 0 , 0 , 0 , 0 , 0 , 0 , 0 , 0 , 0 , 0 , 0 , 0 , 0 , 0 , 0 , 0 , 0 , 0 , 0 , 0 , 0 , 0 , 0 , 0 , 0 , 0 , 0 , 0 , 0 , 0 , 0 , 0 , 0 ,
 0 , 0 , 0 , 0 , 0 , 0 , 0 , 0 , 0 , 0 , 0 , 0 , 0 , 0 , 0 
db 0 , 0 , 0 , 0 , 0 , 0 , 0 , 0 , 0 , 0 , 0 , 0 , 0 , 0 , 0 , 0 , 0 , 0 , 0 , 0 , 0 , 0 , 0 , 0 , 0 , 0 , 0 , 0 , 0 , 0 , 0 , 0 ,
 0 , 0 , 0 , 0 , 0 , 0 , 0 , 0 , 0 , 0 , 0 , 0 , 0 , 0 , 0 , 0 , 0 , 0 , 0 , 0 , 0 , 0 , 0 , 0 , 0 , 0 , 0 , 0 , 0 , 0 , 0 , 0 , 0 ,
 0 , 0 , 0 , 0 , 0 , 0 , 0 , 0 , 0 , 0 , 0 , 0 , 0 , 0 , 0 
db 0 , 0 , 0 , 0 , 0 , 0 , 0 , 0 , 0 , 0 , 0 , 0 , 0 , 0 , 0 , 0 , 0 , 0 , 0 , 0 , 0 , 0 , 0 , 0 , 0 , 0 , 0 , 0 , 0 , 0 , 0 , 0 ,
 0 , 0 , 0 , 0 , 0 , 0 , 0 , 0 , 0 , 0 , 0 , 0 , 0 , 0 , 0 , 0 , 0 , 0 , 0 , 0 , 0 , 0 , 0 , 0 , 0 , 0 , 0 , 0 , 0 , 0 , 0 , 0 , 0 ,
 0 , 0 , 0 , 0 , 0 , 0 , 0 , 0 , 0 , 0 , 0 , 0 , 0 , 0 , 0 
db 0 , 0 , 0 , 0 , 0 , 0 , 0 , 0 , 0 , 0 , 0 , 0 , 0 , 0 , 0 , 0 , 0 , 0 , 0 , 0 , 0 , 0 , 0 , 0 , 0 , 0 , 0 , 0 , 0 , 0 , 0 , 0 ,
 0 , 0 , 0 , 0 , 0 , 0 , 0 , 0 , 0 , 0 , 0 , 0 , 0 , 0 , 0 , 0 , 0 , 0 , 0 , 0 , 0 , 0 , 0 , 0 , 0 , 0 , 0 , 0 , 0 , 0 , 0 , 0 , 0 ,
 0 , 0 , 0 , 0 , 0 , 0 , 0 , 0 , 0 , 0 , 0 , 0 , 0 , 0 , 0 
;------ END SPRITE --------
;------ BEGIN SPRITE --------
db 80 ; ancho
db 8 ; alto
db 240 , 0 , 0 , 0 , 0 , 0 , 0 , 0 , 0 , 0 , 0 , 0 , 0 , 0 , 0 , 0 , 0 , 0 , 0 , 0 , 0 , 0 , 0 , 0 , 0 , 0 , 0 , 0 , 0 , 0 , 0 , 0 ,
 0 , 0 , 0 , 0 , 0 , 0 , 0 , 0 , 0 , 0 , 0 , 0 , 0 , 0 , 0 , 0 , 0 , 0 , 0 , 0 , 0 , 0 , 0 , 0 , 0 , 0 , 0 , 0 , 0 , 0 , 0 , 0 , 0 ,
 0 , 0 , 0 , 0 , 0 , 0 , 0 , 0 , 0 , 0 , 0 , 0 , 0 , 0 , 0 
db 0 , 0 , 0 , 0 , 0 , 0 , 0 , 0 , 0 , 0 , 0 , 0 , 0 , 0 , 0 , 0 , 0 , 0 , 0 , 0 , 0 , 0 , 0 , 0 , 0 , 0 , 0 , 0 , 0 , 0 , 0 , 0 ,
 0 , 0 , 0 , 0 , 0 , 0 , 0 , 0 , 0 , 0 , 0 , 0 , 0 , 0 , 0 , 0 , 0 , 0 , 0 , 0 , 0 , 0 , 0 , 0 , 0 , 0 , 0 , 0 , 0 , 0 , 0 , 0 , 0 ,
 0 , 0 , 0 , 0 , 0 , 0 , 0 , 0 , 0 , 0 , 0 , 0 , 0 , 0 , 0 
db 0 , 0 , 0 , 0 , 0 , 0 , 0 , 0 , 0 , 0 , 0 , 0 , 0 , 0 , 0 , 0 , 0 , 0 , 0 , 0 , 0 , 0 , 0 , 0 , 0 , 0 , 0 , 0 , 0 , 0 , 0 , 0 ,
 0 , 0 , 0 , 0 , 0 , 0 , 0 , 0 , 0 , 0 , 0 , 0 , 0 , 0 , 0 , 0 , 0 , 0 , 0 , 0 , 0 , 0 , 0 , 0 , 0 , 0 , 0 , 0 , 0 , 0 , 0 , 0 , 0 ,
 0 , 0 , 0 , 0 , 0 , 0 , 0 , 0 , 0 , 0 , 0 , 0 , 0 , 0 , 0 
db 0 , 0 , 0 , 0 , 0 , 0 , 0 , 0 , 0 , 0 , 0 , 0 , 0 , 0 , 0 , 0 , 0 , 0 , 0 , 0 , 0 , 0 , 0 , 0 , 0 , 0 , 0 , 0 , 0 , 0 , 0 , 0 ,
 0 , 0 , 0 , 0 , 0 , 0 , 0 , 0 , 0 , 0 , 0 , 0 , 0 , 0 , 0 , 0 , 0 , 0 , 0 , 0 , 0 , 0 , 0 , 0 , 0 , 0 , 0 , 0 , 0 , 0 , 0 , 0 , 0 ,
 0 , 0 , 0 , 0 , 0 , 0 , 0 , 0 , 0 , 0 , 0 , 0 , 0 , 0 , 0 
db 0 , 0 , 0 , 0 , 0 , 0 , 0 , 0 , 0 , 0 , 0 , 0 , 0 , 0 , 0 , 0 , 0 , 0 , 0 , 0 , 0 , 0 , 0 , 0 , 0 , 0 , 0 , 0 , 0 , 0 , 0 , 0 ,
 0 , 0 , 0 , 0 , 0 , 0 , 0 , 0 , 0 , 0 , 0 , 0 , 0 , 0 , 0 , 0 , 0 , 0 , 0 , 0 , 0 , 0 , 0 , 0 , 0 , 0 , 0 , 0 , 0 , 0 , 0 , 0 , 0 ,
 0 , 0 , 0 , 0 , 0 , 0 , 0 , 0 , 0 , 0 , 0 , 0 , 0 , 0 , 0 
db 0 , 0 , 0 , 0 , 0 , 0 , 0 , 0 , 0 , 0 , 0 , 0 , 0 , 0 , 0 , 0 , 0 , 0 , 0 , 0 , 0 , 0 , 0 , 0 , 0 , 0 , 0 , 0 , 0 , 0 , 0 , 0 ,
 0 , 0 , 0 , 0 , 0 , 0 , 0 , 0 , 0 , 0 , 0 , 0 , 0 , 0 , 0 , 0 , 0 , 0 , 0 , 0 , 0 , 0 , 0 , 0 , 0 , 0 , 0 , 0 , 0 , 0 , 0 , 0 , 0 ,
 0 , 0 , 0 , 0 , 0 , 0 , 0 , 0 , 0 , 0 , 0 , 0 , 0 , 0 , 0 
db 0 , 0 , 0 , 0 , 0 , 0 , 0 , 0 , 0 , 0 , 0 , 0 , 0 , 0 , 0 , 0 , 0 , 0 , 0 , 0 , 0 , 0 , 0 , 0 , 0 , 0 , 0 , 0 , 0 , 0 , 0 , 0 ,
 0 , 0 , 0 , 0 , 0 , 0 , 0 , 0 , 0 , 0 , 0 , 0 , 0 , 0 , 0 , 0 , 0 , 0 , 0 , 0 , 0 , 0 , 0 , 0 , 0 , 0 , 0 , 0 , 0 , 0 , 0 , 0 , 0 ,
 0 , 0 , 0 , 0 , 0 , 0 , 0 , 0 , 0 , 0 , 0 , 0 , 0 , 0 , 0 
db 0 , 0 , 0 , 0 , 0 , 0 , 0 , 0 , 0 , 0 , 0 , 0 , 0 , 0 , 0 , 0 , 0 , 0 , 0 , 0 , 0 , 0 , 0 , 0 , 0 , 0 , 0 , 0 , 0 , 0 , 0 , 0 ,
 0 , 0 , 0 , 0 , 0 , 0 , 0 , 0 , 0 , 0 , 0 , 0 , 0 , 0 , 0 , 0 , 0 , 0 , 0 , 0 , 0 , 0 , 0 , 0 , 0 , 0 , 0 , 0 , 0 , 0 , 0 , 0 , 0 ,
 0 , 0 , 0 , 0 , 0 , 0 , 0 , 0 , 0 , 0 , 0 , 0 , 0 , 0 , 0 
;------ END SPRITE --------
;------ BEGIN SPRITE --------
db 80 ; ancho
db 8 ; alto
db 240 , 192 , 0 , 0 , 0 , 0 , 0 , 0 , 0 , 0 , 0 , 0 , 48 , 192 , 240 , 192 , 16 , 128 , 48 , 192 , 240 , 224 , 0 , 0 , 48 , 0 , 0 ,
 0 , 0 , 0 , 0 , 0 , 48 , 0 , 0 , 0 , 0 , 0 , 48 , 0 , 0 , 0 , 0 , 0 , 48 , 192 , 0 , 0 , 0 , 0 , 16 , 192 , 0 , 0 , 48 , 128 , 0 ,
 0 , 0 , 0 , 224 , 0 , 16 , 128 , 16 , 128 , 16 , 128 , 0 , 0 , 0 , 0 , 0 , 0 , 0 , 0 , 0 , 0 , 0 , 0 
db 96 , 96 , 0 , 0 , 0 , 0 , 0 , 0 , 0 , 0 , 0 , 0 , 96 , 96 , 96 , 96 , 48 , 192 , 96 , 96 , 96 , 32 , 0 , 0 , 48 , 0 , 0 , 0 , 0 ,
 0 , 0 , 0 , 48 , 0 , 0 , 0 , 0 , 0 , 48 , 0 , 0 , 0 , 0 , 0 , 96 , 96 , 0 , 0 , 0 , 0 , 0 , 192 , 0 , 0 , 16 , 128 , 0 , 0 , 0 , 0 
, 96 , 0 , 16 , 128 , 16 , 128 , 16 , 128 , 0 , 0 , 0 , 0 , 0 , 0 , 0 , 0 , 0 , 0 , 0 , 0 
db 96 , 96 , 208 , 192 , 48 , 192 , 48 , 192 , 48 , 192 , 0 , 0 , 96 , 0 , 96 , 96 , 96 , 96 , 192 , 0 , 96 , 128 , 0 , 0 , 112 ,
 192 , 48 , 192 , 0 , 0 , 48 , 192 , 112 , 192 , 112 , 128 , 208 , 192 , 112 , 192 , 0 , 0 , 0 , 0 , 192 , 0 , 48 , 192 , 48 , 192 ,
 112 , 192 , 0 , 0 , 16 , 128 , 96 , 96 , 48 , 192 , 96 , 96 , 16 , 128 , 16 , 128 , 16 , 128 , 0 , 0 , 0 , 0 , 0 , 0 , 0 , 0 , 0 ,
 0 , 0 , 0 
db 112 , 192 , 112 , 96 , 96 , 96 , 96 , 0 , 96 , 0 , 0 , 0 , 48 , 192 , 112 , 192 , 96 , 96 , 192 , 0 , 112 , 128 , 0 , 0 , 48 , 0 
, 96 , 96 , 0 , 0 , 96 , 0 , 48 , 0 , 0 , 192 , 112 , 96 , 48 , 0 , 0 , 0 , 0 , 0 , 192 , 0 , 96 , 96 , 96 , 96 , 192 , 192 , 0 , 0 
, 16 , 128 , 96 , 96 , 96 , 96 , 96 , 192 , 16 , 128 , 16 , 128 , 16 , 128 , 0 , 0 , 0 , 0 , 0 , 0 , 0 , 0 , 0 , 0 , 0 , 0 
db 96 , 0 , 96 , 0 , 112 , 224 , 48 , 192 , 48 , 192 , 0 , 0 , 0 , 96 , 96 , 0 , 112 , 224 , 192 , 0 , 96 , 128 , 0 , 0 , 48 , 0 ,
 96 , 96 , 0 , 0 , 48 , 192 , 48 , 0 , 112 , 192 , 96 , 0 , 48 , 0 , 0 , 0 , 0 , 0 , 192 , 224 , 96 , 96 , 96 , 96 , 192 , 192 , 0 ,
 0 , 16 , 128 , 96 , 96 , 96 , 0 , 112 , 128 , 16 , 128 , 16 , 128 , 16 , 128 , 0 , 0 , 0 , 0 , 0 , 0 , 0 , 0 , 0 , 0 , 0 , 0 
db 96 , 0 , 96 , 0 , 96 , 0 , 0 , 96 , 0 , 96 , 0 , 0 , 96 , 96 , 96 , 0 , 96 , 96 , 96 , 96 , 96 , 32 , 0 , 0 , 48 , 96 , 96 , 96 ,
 0 , 0 , 0 , 96 , 48 , 96 , 192 , 192 , 96 , 0 , 48 , 96 , 16 , 128 , 0 , 0 , 96 , 96 , 96 , 96 , 96 , 96 , 192 , 192 , 0 , 0 , 16 ,
 128 , 96 , 96 , 96 , 96 , 96 , 192 , 0 , 0 , 0 , 0 , 0 , 0 , 0 , 0 , 0 , 0 , 0 , 0 , 0 , 0 , 0 , 0 , 0 , 0 
db 240 , 0 , 240 , 0 , 48 , 192 , 112 , 192 , 112 , 192 , 0 , 0 , 48 , 192 , 240 , 0 , 96 , 96 , 48 , 192 , 240 , 224 , 0 , 0 , 16 ,
 192 , 48 , 192 , 0 , 0 , 112 , 192 , 16 , 192 , 112 , 96 , 240 , 0 , 16 , 192 , 16 , 128 , 0 , 0 , 48 , 224 , 48 , 192 , 48 , 192 ,
 112 , 96 , 0 , 0 , 48 , 192 , 48 , 224 , 48 , 192 , 224 , 96 , 16 , 128 , 16 , 128 , 16 , 128 , 0 , 0 , 0 , 0 , 0 , 0 , 0 , 0 , 0 ,
 0 , 0 , 0 
db 0 , 0 , 0 , 0 , 0 , 0 , 0 , 0 , 0 , 0 , 0 , 0 , 0 , 0 , 0 , 0 , 0 , 0 , 0 , 0 , 0 , 0 , 0 , 0 , 0 , 0 , 0 , 0 , 0 , 0 , 0 , 0 ,
 0 , 0 , 0 , 0 , 0 , 0 , 0 , 0 , 0 , 0 , 0 , 0 , 0 , 0 , 0 , 0 , 0 , 0 , 0 , 0 , 0 , 0 , 0 , 0 , 0 , 0 , 0 , 0 , 0 , 0 , 0 , 0 , 0 ,
 0 , 0 , 0 , 0 , 0 , 0 , 0 , 0 , 0 , 0 , 0 , 0 , 0 , 0 , 0 
;------ END SPRITE --------
' ------ BEGIN PALETA --------
INK  0 , 2 
INK  1 , 1 
INK  2 , 9 
INK  3 , 0 
INK  4 , 13 
INK  5 , 21 
INK  6 , 26 
INK  7 , 24 
INK  8 , 15 
INK  9 , 20 
INK  10 , 12 
INK  11 , 10 
INK  12 , 3 
INK  13 , 23 
INK  14 , 4 
INK  15 , 6 
' ------ END PALETA --------
