;------ BEGIN IMAGE --------
db 10 ; ancho
db 1 ; alto
db 0 , 0 , 0 , 0 , 0 , 240 , 240 , 240 , 240 , 240 
;------ END IMAGE --------
;------ BEGIN IMAGE --------
db 4 ; ancho
db 8 ; alto
db 0 , 0 , 16 , 240 
db 0 , 0 , 240 , 240 
db 0 , 48 , 240 , 240 
db 0 , 112 , 240 , 240 
db 0 , 112 , 240 , 240 
db 0 , 240 , 240 , 240 
db 0 , 240 , 240 , 240 
db 0 , 240 , 240 , 240 
;------ END IMAGE --------
;------ BEGIN IMAGE --------
db 4 ; ancho
db 8 ; alto
db 0 , 0 , 16 , 240 
db 0 , 0 , 240 , 240 
db 0 , 48 , 80 , 240 
db 0 , 96 , 176 , 240 
db 0 , 80 , 112 , 240 
db 0 , 160 , 176 , 240 
db 0 , 208 , 112 , 240 
db 0 , 176 , 240 , 240 
;------ END IMAGE --------
;------ BEGIN IMAGE --------
db 6 ; ancho
db 14 ; alto
db 0 , 0 , 0 , 0 , 0 , 0 
db 0 , 0 , 0 , 0 , 0 , 0 
db 0 , 252 , 160 , 80 , 160 , 0 
db 0 , 252 , 248 , 164 , 88 , 0 
db 0 , 244 , 252 , 92 , 12 , 240 
db 0 , 244 , 252 , 92 , 12 , 8 
db 0 , 116 , 48 , 252 , 252 , 252 
db 0 , 176 , 240 , 252 , 252 , 240 
db 0 , 252 , 252 , 80 , 240 , 0 
db 0 , 252 , 248 , 0 , 0 , 0 
db 0 , 240 , 160 , 0 , 0 , 0 
db 0 , 0 , 0 , 0 , 0 , 0 
db 0 , 0 , 0 , 0 , 0 , 0 
db 0 , 0 , 0 , 0 , 0 , 0 
;------ END IMAGE --------
;------ BEGIN IMAGE --------
db 4 ; ancho
db 24 ; alto
db 0 , 0 , 0 , 0 
db 0 , 0 , 0 , 0 
db 0 , 0 , 0 , 0 
db 0 , 0 , 0 , 0 
db 0 , 0 , 0 , 0 
db 0 , 0 , 0 , 0 
db 0 , 32 , 0 , 0 
db 0 , 32 , 0 , 0 
db 0 , 32 , 0 , 0 
db 0 , 32 , 0 , 0 
db 0 , 32 , 0 , 0 
db 16 , 36 , 0 , 0 
db 16 , 36 , 0 , 0 
db 16 , 36 , 0 , 0 
db 16 , 36 , 0 , 0 
db 16 , 36 , 0 , 0 
db 16 , 36 , 0 , 0 
db 20 , 28 , 0 , 0 
db 20 , 28 , 0 , 0 
db 20 , 28 , 0 , 0 
db 60 , 20 , 40 , 0 
db 40 , 0 , 40 , 0 
db 40 , 0 , 40 , 0 
db 40 , 0 , 40 , 0 
;------ END IMAGE --------
;------ BEGIN IMAGE --------
db 10 ; ancho
db 1 ; alto
db 0 , 0 , 0 , 0 , 0 , 48 , 48 , 48 , 48 , 48 
;------ END IMAGE --------
;------ BEGIN IMAGE --------
db 4 ; ancho
db 8 ; alto
db 0 , 0 , 0 , 12 
db 0 , 0 , 4 , 192 
db 0 , 0 , 72 , 192 
db 0 , 0 , 192 , 192 
db 0 , 12 , 192 , 192 
db 4 , 192 , 192 , 192 
db 4 , 192 , 192 , 192 
db 72 , 192 , 192 , 192 
;------ END IMAGE --------
;------ BEGIN IMAGE --------
db 4 ; ancho
db 8 ; alto
db 8 , 0 , 0 , 0 
db 132 , 8 , 0 , 0 
db 192 , 132 , 0 , 0 
db 192 , 132 , 0 , 0 
db 192 , 192 , 8 , 0 
db 192 , 192 , 8 , 0 
db 192 , 192 , 132 , 0 
db 192 , 192 , 132 , 12 
;------ END IMAGE --------
;------ BEGIN IMAGE --------
db 4 ; ancho
db 8 ; alto
db 0 , 0 , 0 , 0 
db 0 , 8 , 0 , 0 
db 4 , 132 , 0 , 0 
db 72 , 132 , 0 , 12 
db 192 , 132 , 4 , 192 
db 192 , 192 , 72 , 192 
db 192 , 192 , 192 , 192 
db 192 , 192 , 192 , 192 
;------ END IMAGE --------
;------ BEGIN IMAGE --------
db 4 ; ancho
db 8 ; alto
db 0 , 4 , 0 , 0 
db 0 , 4 , 0 , 0 
db 0 , 12 , 0 , 0 
db 0 , 72 , 8 , 0 
db 4 , 192 , 8 , 0 
db 4 , 192 , 8 , 0 
db 72 , 192 , 132 , 0 
db 72 , 192 , 192 , 12 
;------ END IMAGE --------
;------ BEGIN IMAGE --------
db 4 ; ancho
db 8 ; alto
db 12 , 12 , 12 , 12 
db 192 , 192 , 192 , 192 
db 0 , 0 , 0 , 0 
db 0 , 0 , 0 , 0 
db 0 , 0 , 0 , 0 
db 0 , 0 , 0 , 0 
db 0 , 0 , 0 , 0 
db 0 , 128 , 0 , 0 
;------ END IMAGE --------
;------ BEGIN IMAGE --------
db 4 ; ancho
db 8 ; alto
db 0 , 0 , 0 , 12 
db 0 , 0 , 4 , 192 
db 0 , 0 , 72 , 192 
db 0 , 0 , 72 , 192 
db 0 , 12 , 192 , 192 
db 4 , 192 , 192 , 192 
db 4 , 192 , 192 , 192 
db 72 , 192 , 192 , 192 
;------ END IMAGE --------
;------ BEGIN IMAGE --------
db 4 ; ancho
db 2 ; alto
db 8 , 8 , 8 , 12 
db 132 , 132 , 132 , 192 
;------ END IMAGE --------
;------ BEGIN IMAGE --------
db 8 ; ancho
db 16 ; alto
db 0 , 0 , 0 , 0 , 0 , 0 , 0 , 0 
db 0 , 0 , 0 , 0 , 0 , 0 , 0 , 0 
db 0 , 0 , 0 , 0 , 0 , 0 , 0 , 0 
db 0 , 0 , 0 , 0 , 0 , 0 , 0 , 0 
db 0 , 0 , 0 , 0 , 0 , 0 , 0 , 0 
db 4 , 12 , 12 , 0 , 0 , 0 , 0 , 0 
db 12 , 240 , 164 , 8 , 0 , 0 , 0 , 0 
db 12 , 164 , 12 , 8 , 0 , 0 , 0 , 0 
db 12 , 240 , 12 , 8 , 0 , 0 , 0 , 0 
db 12 , 164 , 12 , 8 , 0 , 0 , 0 , 0 
db 4 , 12 , 12 , 0 , 0 , 0 , 0 , 0 
db 0 , 32 , 32 , 0 , 0 , 0 , 0 , 0 
db 16 , 16 , 16 , 0 , 0 , 0 , 0 , 0 
db 16 , 16 , 16 , 0 , 0 , 0 , 0 , 0 
db 32 , 16 , 0 , 32 , 0 , 0 , 0 , 0 
db 32 , 16 , 0 , 32 , 0 , 0 , 0 , 0 
;------ END IMAGE --------
;------ BEGIN IMAGE --------
db 5 ; ancho
db 10 ; alto
db 0 , 204 , 204 , 0 , 0 
db 68 , 60 , 48 , 136 , 0 
db 20 , 60 , 60 , 100 , 0 
db 156 , 60 , 60 , 100 , 0 
db 156 , 60 , 60 , 100 , 0 
db 156 , 60 , 60 , 108 , 0 
db 156 , 60 , 60 , 108 , 0 
db 156 , 60 , 60 , 0 , 0 
db 68 , 60 , 60 , 136 , 0 
db 0 , 204 , 204 , 0 , 0 
;------ END IMAGE --------
;------ BEGIN IMAGE --------
db 6 ; ancho
db 10 ; alto
db 0 , 4 , 12 , 0 , 0 , 0 
db 0 , 88 , 240 , 8 , 0 , 0 
db 4 , 240 , 240 , 4 , 0 , 0 
db 8 , 240 , 240 , 244 , 8 , 0 
db 92 , 252 , 252 , 252 , 8 , 0 
db 4 , 252 , 252 , 172 , 0 , 0 
db 0 , 92 , 252 , 8 , 0 , 0 
db 0 , 4 , 12 , 0 , 0 , 0 
db 0 , 0 , 0 , 0 , 0 , 0 
db 0 , 0 , 0 , 0 , 0 , 0 
;------ END IMAGE --------
;------ BEGIN IMAGE --------
db 6 ; ancho
db 10 ; alto
db 0 , 4 , 12 , 0 , 0 , 0 
db 0 , 88 , 240 , 8 , 0 , 0 
db 4 , 240 , 240 , 4 , 0 , 0 
db 8 , 240 , 240 , 244 , 8 , 0 
db 92 , 252 , 252 , 252 , 8 , 0 
db 4 , 252 , 252 , 172 , 0 , 0 
db 0 , 92 , 252 , 8 , 0 , 0 
db 0 , 4 , 12 , 0 , 0 , 0 
db 0 , 0 , 0 , 0 , 0 , 0 
db 0 , 0 , 0 , 0 , 0 , 0 
;------ END IMAGE --------
;------ BEGIN IMAGE --------
db 6 ; ancho
db 10 ; alto
db 0 , 4 , 12 , 8 , 0 , 0 
db 0 , 88 , 240 , 164 , 0 , 0 
db 4 , 240 , 240 , 80 , 8 , 0 
db 8 , 240 , 240 , 240 , 164 , 0 
db 92 , 184 , 252 , 116 , 172 , 0 
db 4 , 252 , 252 , 252 , 8 , 0 
db 0 , 92 , 252 , 172 , 0 , 0 
db 0 , 4 , 12 , 8 , 0 , 0 
db 0 , 0 , 0 , 0 , 0 , 0 
db 0 , 0 , 0 , 0 , 0 , 0 
;------ END IMAGE --------
;------ BEGIN IMAGE --------
db 7 ; ancho
db 21 ; alto
db 0 , 0 , 0 , 0 , 0 , 0 , 0 
db 0 , 0 , 0 , 0 , 0 , 0 , 0 
db 0 , 0 , 68 , 204 , 136 , 0 , 0 
db 0 , 0 , 220 , 252 , 236 , 0 , 0 
db 0 , 68 , 252 , 252 , 252 , 136 , 0 
db 0 , 220 , 168 , 0 , 84 , 236 , 0 
db 0 , 220 , 0 , 0 , 0 , 236 , 0 
db 0 , 220 , 0 , 0 , 0 , 236 , 0 
db 0 , 220 , 0 , 48 , 0 , 236 , 0 
db 0 , 220 , 16 , 48 , 32 , 236 , 0 
db 0 , 220 , 16 , 48 , 32 , 236 , 0 
db 0 , 220 , 16 , 48 , 32 , 236 , 0 
db 0 , 220 , 0 , 48 , 0 , 236 , 0 
db 0 , 220 , 0 , 0 , 0 , 236 , 0 
db 0 , 220 , 0 , 0 , 0 , 236 , 0 
db 0 , 220 , 168 , 0 , 84 , 236 , 0 
db 0 , 68 , 252 , 252 , 252 , 136 , 0 
db 0 , 0 , 220 , 252 , 236 , 0 , 0 
db 0 , 0 , 68 , 204 , 136 , 0 , 0 
db 0 , 0 , 0 , 0 , 0 , 0 , 0 
db 0 , 0 , 0 , 0 , 0 , 0 , 0 
;------ END IMAGE --------
;------ BEGIN IMAGE --------
db 7 ; ancho
db 21 ; alto
db 0 , 0 , 0 , 0 , 0 , 0 , 0 
db 0 , 0 , 0 , 0 , 0 , 0 , 0 
db 0 , 0 , 84 , 252 , 168 , 0 , 0 
db 0 , 0 , 184 , 48 , 116 , 0 , 0 
db 0 , 84 , 48 , 48 , 48 , 168 , 0 
db 0 , 252 , 32 , 0 , 16 , 252 , 0 
db 0 , 184 , 0 , 0 , 0 , 116 , 0 
db 0 , 184 , 0 , 0 , 0 , 116 , 0 
db 0 , 184 , 0 , 48 , 0 , 116 , 0 
db 0 , 184 , 16 , 204 , 32 , 116 , 0 
db 0 , 184 , 16 , 204 , 32 , 116 , 0 
db 0 , 184 , 16 , 204 , 32 , 116 , 0 
db 0 , 184 , 0 , 48 , 0 , 116 , 0 
db 0 , 184 , 0 , 0 , 0 , 116 , 0 
db 0 , 184 , 0 , 0 , 0 , 116 , 0 
db 0 , 252 , 32 , 0 , 16 , 252 , 0 
db 0 , 84 , 48 , 48 , 48 , 168 , 0 
db 0 , 0 , 184 , 48 , 116 , 0 , 0 
db 0 , 0 , 84 , 252 , 168 , 0 , 0 
db 0 , 0 , 0 , 0 , 0 , 0 , 0 
db 0 , 0 , 0 , 0 , 0 , 0 , 0 
;------ END IMAGE --------
;------ BEGIN IMAGE --------
db 7 ; ancho
db 21 ; alto
db 0 , 0 , 0 , 0 , 0 , 0 , 0 
db 0 , 0 , 0 , 0 , 0 , 0 , 0 
db 0 , 0 , 16 , 48 , 32 , 0 , 0 
db 0 , 0 , 100 , 204 , 152 , 0 , 0 
db 0 , 16 , 204 , 204 , 204 , 32 , 0 
db 0 , 48 , 136 , 0 , 68 , 48 , 0 
db 0 , 100 , 0 , 0 , 0 , 152 , 0 
db 0 , 100 , 0 , 0 , 0 , 152 , 0 
db 0 , 100 , 0 , 0 , 0 , 152 , 0 
db 0 , 100 , 0 , 204 , 0 , 152 , 0 
db 0 , 100 , 0 , 204 , 0 , 152 , 0 
db 0 , 100 , 0 , 204 , 0 , 152 , 0 
db 0 , 100 , 0 , 0 , 0 , 152 , 0 
db 0 , 100 , 0 , 0 , 0 , 152 , 0 
db 0 , 100 , 0 , 0 , 0 , 152 , 0 
db 0 , 48 , 136 , 0 , 68 , 48 , 0 
db 0 , 16 , 204 , 204 , 204 , 32 , 0 
db 0 , 0 , 100 , 204 , 152 , 0 , 0 
db 0 , 0 , 16 , 48 , 32 , 0 , 0 
db 0 , 0 , 0 , 0 , 0 , 0 , 0 
db 0 , 0 , 0 , 0 , 0 , 0 , 0 
;------ END IMAGE --------
;------ BEGIN IMAGE --------
db 7 ; ancho
db 21 ; alto
db 0 , 0 , 0 , 0 , 0 , 0 , 0 
db 0 , 0 , 0 , 0 , 0 , 0 , 0 
db 0 , 0 , 68 , 204 , 136 , 0 , 0 
db 0 , 0 , 136 , 0 , 68 , 0 , 0 
db 0 , 68 , 0 , 0 , 0 , 136 , 0 
db 0 , 68 , 0 , 0 , 0 , 136 , 0 
db 0 , 136 , 0 , 0 , 0 , 68 , 0 
db 0 , 136 , 0 , 0 , 0 , 68 , 0 
db 0 , 136 , 0 , 0 , 0 , 68 , 0 
db 0 , 136 , 0 , 0 , 0 , 68 , 0 
db 0 , 136 , 0 , 0 , 0 , 68 , 0 
db 0 , 136 , 0 , 0 , 0 , 68 , 0 
db 0 , 136 , 0 , 0 , 0 , 68 , 0 
db 0 , 136 , 0 , 0 , 0 , 68 , 0 
db 0 , 136 , 0 , 0 , 0 , 68 , 0 
db 0 , 68 , 0 , 0 , 0 , 136 , 0 
db 0 , 68 , 0 , 0 , 0 , 136 , 0 
db 0 , 0 , 136 , 0 , 68 , 0 , 0 
db 0 , 0 , 68 , 204 , 136 , 0 , 0 
db 0 , 0 , 0 , 0 , 0 , 0 , 0 
db 0 , 0 , 0 , 0 , 0 , 0 , 0 
;------ END IMAGE --------
;------ BEGIN IMAGE --------
db 3 ; ancho
db 8 ; alto
db 0 , 0 , 0 
db 0 , 0 , 0 
db 0 , 0 , 0 
db 0 , 0 , 0 
db 0 , 16 , 0 
db 0 , 100 , 32 
db 0 , 76 , 32 
db 0 , 16 , 0 
;------ END IMAGE --------
;------ BEGIN IMAGE --------
db 5 ; ancho
db 12 ; alto
db 0 , 0 , 0 , 0 , 0 
db 0 , 3 , 3 , 0 , 0 
db 1 , 60 , 48 , 2 , 0 
db 22 , 60 , 60 , 33 , 0 
db 22 , 60 , 60 , 33 , 0 
db 22 , 60 , 60 , 33 , 0 
db 22 , 60 , 60 , 41 , 0 
db 22 , 60 , 60 , 41 , 0 
db 22 , 60 , 60 , 41 , 0 
db 1 , 60 , 60 , 2 , 0 
db 0 , 3 , 3 , 0 , 0 
db 0 , 0 , 0 , 0 , 0 
;------ END IMAGE --------
;------ BEGIN IMAGE --------
db 5 ; ancho
db 11 ; alto
db 4 , 12 , 12 , 40 , 0 
db 12 , 60 , 44 , 28 , 0 
db 12 , 44 , 12 , 28 , 0 
db 12 , 60 , 12 , 28 , 0 
db 12 , 44 , 12 , 28 , 0 
db 4 , 44 , 12 , 40 , 0 
db 0 , 32 , 52 , 0 , 0 
db 16 , 16 , 16 , 0 , 0 
db 16 , 16 , 16 , 0 , 0 
db 32 , 16 , 0 , 32 , 0 
db 32 , 16 , 0 , 32 , 0 
;------ END IMAGE --------
;------ BEGIN IMAGE --------
db 3 ; ancho
db 9 ; alto
db 0 , 0 , 0 
db 0 , 0 , 0 
db 0 , 0 , 0 
db 0 , 0 , 0 
db 0 , 0 , 0 
db 0 , 32 , 32 
db 0 , 48 , 32 
db 0 , 48 , 32 
db 0 , 16 , 0 
;------ END IMAGE --------
;------ BEGIN IMAGE --------
db 2 ; ancho
db 5 ; alto
db 204 , 204 
db 204 , 204 
db 204 , 204 
db 204 , 204 
db 204 , 204 
;------ END IMAGE --------
;------ BEGIN IMAGE --------
db 2 ; ancho
db 5 ; alto
db 252 , 168 
db 168 , 168 
db 168 , 168 
db 168 , 168 
db 252 , 168 
;------ END IMAGE --------
;------ BEGIN IMAGE --------
db 2 ; ancho
db 5 ; alto
db 255 , 170 
db 170 , 170 
db 170 , 170 
db 170 , 170 
db 255 , 170 
;------ END IMAGE --------
;------ BEGIN IMAGE --------
db 2 ; ancho
db 5 ; alto
db 85 , 0 
db 255 , 0 
db 85 , 0 
db 85 , 0 
db 255 , 170 
;------ END IMAGE --------
UU;------ BEGIN IMAGE --------
db 5 ; ancho
db 24 ; alto
db 0 , 176 , 160 , 0 , 0 
db 0 , 48 , 32 , 0 , 0 
db 0 , 48 , 32 , 0 , 0 
db 0 , 48 , 32 , 0 , 0 
db 0 , 48 , 32 , 0 , 0 
db 80 , 48 , 112 , 0 , 0 
db 80 , 48 , 112 , 0 , 0 
db 80 , 48 , 112 , 0 , 0 
db 16 , 112 , 48 , 0 , 0 
db 16 , 32 , 48 , 0 , 0 
db 16 , 32 , 48 , 0 , 0 
db 16 , 160 , 176 , 0 , 0 
db 16 , 160 , 176 , 160 , 0 
db 176 , 0 , 16 , 160 , 0 
db 176 , 0 , 16 , 160 , 0 
db 176 , 160 , 176 , 160 , 0 
db 176 , 48 , 48 , 160 , 0 
db 48 , 48 , 48 , 32 , 0 
db 48 , 112 , 48 , 32 , 0 
db 48 , 240 , 176 , 32 , 0 
db 48 , 160 , 176 , 32 , 0 
db 48 , 0 , 16 , 32 , 0 
db 48 , 0 , 16 , 32 , 0 
db 48 , 0 , 16 , 32 , 0 
;------ END IMAGE --------
;------ BEGIN IMAGE --------
db 5 ; ancho
db 24 ; alto
db 48 , 32 , 48 , 32 , 0 
db 48 , 32 , 48 , 32 , 0 
db 48 , 32 , 48 , 32 , 0 
db 48 , 32 , 48 , 32 , 0 
db 48 , 32 , 48 , 32 , 0 
db 48 , 32 , 48 , 32 , 0 
db 48 , 32 , 48 , 32 , 0 
db 48 , 32 , 48 , 32 , 0 
db 48 , 32 , 48 , 32 , 0 
db 48 , 32 , 48 , 32 , 0 
db 48 , 32 , 48 , 32 , 0 
db 48 , 32 , 48 , 32 , 0 
db 48 , 32 , 48 , 32 , 0 
db 48 , 32 , 48 , 32 , 0 
db 48 , 32 , 48 , 32 , 0 
db 48 , 32 , 48 , 32 , 0 
db 48 , 32 , 48 , 32 , 0 
db 48 , 32 , 48 , 32 , 0 
db 48 , 112 , 48 , 32 , 0 
db 48 , 112 , 48 , 32 , 0 
db 48 , 48 , 48 , 32 , 0 
db 176 , 48 , 48 , 160 , 0 
db 16 , 48 , 48 , 0 , 0 
db 80 , 48 , 112 , 0 , 0 
;------ END IMAGE --------
;------ BEGIN IMAGE --------
db 5 ; ancho
db 24 ; alto
db 48 , 48 , 32 , 0 , 0 
db 100 , 204 , 32 , 0 , 0 
db 100 , 204 , 32 , 0 , 0 
db 100 , 204 , 32 , 0 , 0 
db 100 , 204 , 32 , 0 , 0 
db 100 , 204 , 112 , 0 , 0 
db 100 , 204 , 112 , 0 , 0 
db 100 , 204 , 112 , 0 , 0 
db 176 , 204 , 152 , 0 , 0 
db 176 , 204 , 152 , 0 , 0 
db 176 , 204 , 152 , 0 , 0 
db 16 , 204 , 152 , 0 , 0 
db 16 , 204 , 152 , 0 , 0 
db 16 , 204 , 152 , 160 , 0 
db 16 , 204 , 152 , 160 , 0 
db 16 , 204 , 152 , 160 , 0 
db 80 , 100 , 204 , 32 , 0 
db 80 , 100 , 204 , 32 , 0 
db 0 , 100 , 204 , 32 , 0 
db 0 , 100 , 204 , 32 , 0 
db 0 , 100 , 204 , 32 , 0 
db 0 , 100 , 204 , 32 , 0 
db 0 , 100 , 204 , 32 , 0 
db 0 , 48 , 48 , 32 , 0 
;------ END IMAGE --------
;------ BEGIN IMAGE --------
db 2 ; ancho
db 5 ; alto
db 0 , 8 
db 16 , 8 
db 16 , 0 
db 32 , 0 
db 32 , 0 
;------ END IMAGE --------
;------ BEGIN IMAGE --------
db 4 ; ancho
db 24 ; alto
db 48 , 48 , 32 , 0 
db 49 , 51 , 32 , 0 
db 49 , 51 , 32 , 0 
db 49 , 51 , 32 , 0 
db 49 , 51 , 32 , 0 
db 49 , 51 , 112 , 0 
db 49 , 51 , 112 , 0 
db 49 , 51 , 112 , 0 
db 176 , 51 , 50 , 0 
db 176 , 51 , 50 , 0 
db 176 , 51 , 50 , 0 
db 16 , 51 , 50 , 0 
db 16 , 51 , 50 , 0 
db 16 , 51 , 50 , 160 
db 16 , 51 , 50 , 160 
db 16 , 51 , 50 , 160 
db 80 , 49 , 51 , 32 
db 80 , 49 , 51 , 32 
db 0 , 49 , 51 , 32 
db 0 , 49 , 51 , 32 
db 0 , 49 , 51 , 32 
db 0 , 49 , 51 , 32 
db 0 , 49 , 51 , 32 
db 0 , 48 , 48 , 32 
;------ END IMAGE --------
;------ BEGIN IMAGE --------
db 4 ; ancho
db 24 ; alto
db 48 , 48 , 32 , 0 
db 52 , 60 , 32 , 0 
db 52 , 60 , 32 , 0 
db 52 , 60 , 32 , 0 
db 52 , 60 , 32 , 0 
db 52 , 60 , 112 , 0 
db 52 , 60 , 112 , 0 
db 52 , 60 , 112 , 0 
db 176 , 60 , 56 , 0 
db 176 , 60 , 56 , 0 
db 176 , 60 , 56 , 0 
db 16 , 60 , 56 , 0 
db 16 , 60 , 56 , 0 
db 16 , 60 , 56 , 160 
db 16 , 60 , 56 , 160 
db 16 , 60 , 56 , 160 
db 80 , 52 , 60 , 32 
db 80 , 52 , 60 , 32 
db 0 , 52 , 60 , 32 
db 0 , 52 , 60 , 32 
db 0 , 52 , 60 , 32 
db 0 , 52 , 60 , 32 
db 0 , 52 , 60 , 32 
db 0 , 48 , 48 , 32 
;------ END IMAGE --------
;------ BEGIN IMAGE --------
db 4 ; ancho
db 24 ; alto
db 0 , 176 , 160 , 0 
db 0 , 48 , 32 , 0 
db 0 , 48 , 32 , 0 
db 0 , 48 , 32 , 0 
db 0 , 48 , 32 , 0 
db 80 , 48 , 112 , 0 
db 80 , 48 , 112 , 0 
db 80 , 48 , 112 , 0 
db 16 , 112 , 48 , 0 
db 16 , 32 , 48 , 0 
db 16 , 32 , 48 , 0 
db 16 , 32 , 48 , 0 
db 16 , 32 , 48 , 160 
db 176 , 32 , 48 , 160 
db 176 , 32 , 48 , 160 
db 176 , 112 , 48 , 160 
db 176 , 48 , 48 , 160 
db 48 , 48 , 48 , 32 
db 48 , 112 , 48 , 32 
db 48 , 112 , 48 , 32 
db 48 , 160 , 176 , 32 
db 48 , 160 , 176 , 32 
db 48 , 160 , 176 , 32 
db 48 , 160 , 176 , 32 
;------ END IMAGE --------
;------ BEGIN IMAGE --------
db 2 ; ancho
db 16 ; alto
db 15 , 0 
db 15 , 0 
db 15 , 0 
db 15 , 0 
db 15 , 0 
db 15 , 0 
db 15 , 0 
db 15 , 0 
db 15 , 0 
db 15 , 0 
db 15 , 0 
db 15 , 0 
db 15 , 0 
db 15 , 0 
db 15 , 0 
db 15 , 0 
;------ END IMAGE --------
;------ BEGIN IMAGE --------
db 6 ; ancho
db 13 ; alto
db 0 , 0 , 0 , 0 , 0 , 35 
db 1 , 3 , 3 , 3 , 3 , 19 
db 3 , 3 , 3 , 3 , 3 , 33 
db 16 , 48 , 49 , 51 , 51 , 3 
db 1 , 3 , 3 , 3 , 18 , 3 
db 1 , 48 , 48 , 51 , 50 , 3 
db 0 , 3 , 3 , 3 , 18 , 35 
db 0 , 0 , 18 , 49 , 35 , 49 
db 0 , 0 , 1 , 3 , 3 , 18 
db 0 , 0 , 0 , 0 , 0 , 3 
db 0 , 0 , 0 , 0 , 1 , 2 
db 0 , 0 , 0 , 1 , 3 , 0 
db 0 , 0 , 0 , 1 , 2 , 0 
;------ END IMAGE --------
;------ BEGIN IMAGE --------
db 4 ; ancho
db 1 ; alto
db 192 , 192 , 192 , 192 
;------ END IMAGE --------
;------ BEGIN IMAGE --------
db 9 ; ancho
db 17 ; alto
db 0 , 0 , 0 , 0 , 0 , 0 , 0 , 0 , 0 
db 0 , 0 , 0 , 0 , 0 , 0 , 0 , 0 , 0 
db 0 , 0 , 0 , 0 , 0 , 0 , 0 , 0 , 0 
db 0 , 0 , 48 , 48 , 0 , 0 , 0 , 0 , 0 
db 0 , 0 , 252 , 0 , 0 , 160 , 0 , 0 , 0 
db 0 , 0 , 84 , 248 , 164 , 88 , 0 , 0 , 0 
db 0 , 0 , 0 , 252 , 92 , 12 , 240 , 0 , 0 
db 0 , 0 , 123 , 252 , 92 , 12 , 8 , 0 , 0 
db 0 , 0 , 123 , 184 , 252 , 252 , 184 , 0 , 0 
db 0 , 0 , 0 , 248 , 84 , 252 , 248 , 0 , 0 
db 0 , 0 , 84 , 168 , 80 , 240 , 0 , 0 , 0 
db 0 , 0 , 48 , 48 , 0 , 0 , 0 , 0 , 0 
db 0 , 0 , 240 , 160 , 0 , 0 , 0 , 0 , 0 
db 0 , 0 , 0 , 0 , 0 , 0 , 0 , 0 , 0 
db 0 , 0 , 0 , 0 , 0 , 0 , 0 , 0 , 0 
db 0 , 0 , 0 , 0 , 0 , 0 , 0 , 0 , 0 
db 0 , 0 , 0 , 0 , 0 , 0 , 0 , 0 , 0 
;------ END IMAGE --------
;------ BEGIN IMAGE --------
db 9 ; ancho
db 17 ; alto
db 0 , 0 , 0 , 0 , 0 , 0 , 0 , 0 , 0 
db 0 , 0 , 0 , 0 , 0 , 0 , 0 , 0 , 0 
db 0 , 0 , 0 , 0 , 0 , 0 , 0 , 0 , 0 
db 0 , 0 , 48 , 127 , 0 , 0 , 0 , 0 , 0 
db 0 , 0 , 252 , 0 , 0 , 160 , 0 , 0 , 0 
db 0 , 0 , 84 , 248 , 164 , 88 , 0 , 0 , 0 
db 0 , 0 , 0 , 252 , 92 , 12 , 240 , 0 , 0 
db 0 , 0 , 84 , 252 , 92 , 12 , 8 , 0 , 0 
db 0 , 0 , 84 , 184 , 252 , 252 , 184 , 0 , 0 
db 0 , 0 , 0 , 248 , 84 , 252 , 248 , 0 , 0 
db 0 , 0 , 84 , 168 , 80 , 240 , 0 , 0 , 0 
db 0 , 0 , 48 , 127 , 0 , 0 , 0 , 0 , 0 
db 0 , 0 , 240 , 160 , 0 , 0 , 0 , 0 , 0 
db 0 , 0 , 0 , 0 , 0 , 0 , 0 , 0 , 0 
db 0 , 0 , 0 , 0 , 0 , 0 , 0 , 0 , 0 
db 0 , 0 , 0 , 0 , 0 , 0 , 0 , 0 , 0 
db 0 , 0 , 0 , 0 , 0 , 0 , 0 , 0 , 0 
;------ END IMAGE --------
;------ BEGIN IMAGE --------
db 9 ; ancho
db 17 ; alto
db 0 , 0 , 0 , 0 , 0 , 0 , 0 , 0 , 0 
db 0 , 0 , 0 , 0 , 0 , 0 , 0 , 0 , 0 
db 0 , 0 , 0 , 0 , 0 , 0 , 0 , 0 , 0 
db 0 , 0 , 48 , 48 , 0 , 0 , 0 , 0 , 0 
db 0 , 0 , 252 , 0 , 0 , 160 , 0 , 0 , 0 
db 0 , 0 , 84 , 248 , 164 , 88 , 0 , 0 , 0 
db 0 , 0 , 0 , 252 , 92 , 12 , 240 , 0 , 0 
db 0 , 0 , 84 , 252 , 92 , 12 , 8 , 0 , 0 
db 0 , 0 , 84 , 184 , 252 , 252 , 184 , 0 , 0 
db 0 , 0 , 0 , 248 , 84 , 252 , 248 , 0 , 0 
db 0 , 0 , 84 , 168 , 80 , 240 , 0 , 0 , 0 
db 0 , 0 , 48 , 48 , 0 , 0 , 0 , 0 , 0 
db 0 , 0 , 240 , 160 , 0 , 0 , 0 , 0 , 0 
db 0 , 0 , 0 , 0 , 0 , 0 , 0 , 0 , 0 
db 0 , 0 , 0 , 0 , 0 , 0 , 0 , 0 , 0 
db 0 , 0 , 0 , 0 , 0 , 0 , 0 , 0 , 0 
db 0 , 0 , 0 , 0 , 0 , 0 , 0 , 0 , 0 
;------ END IMAGE --------
;------ BEGIN IMAGE --------
db 8 ; ancho
db 16 ; alto
db 0 , 0 , 0 , 0 , 0 , 0 , 0 , 0 
db 0 , 48 , 32 , 0 , 0 , 0 , 0 , 0 
db 16 , 15 , 26 , 0 , 0 , 0 , 0 , 0 
db 16 , 90 , 15 , 32 , 0 , 0 , 0 , 0 
db 37 , 240 , 165 , 10 , 0 , 0 , 0 , 0 
db 37 , 245 , 165 , 63 , 0 , 0 , 0 , 0 
db 47 , 245 , 165 , 63 , 0 , 0 , 0 , 0 
db 47 , 240 , 165 , 10 , 0 , 0 , 0 , 0 
db 21 , 90 , 31 , 42 , 0 , 0 , 0 , 0 
db 21 , 15 , 31 , 0 , 0 , 0 , 0 , 0 
db 0 , 63 , 42 , 0 , 0 , 0 , 0 , 0 
db 0 , 0 , 0 , 0 , 0 , 0 , 0 , 0 
db 0 , 0 , 0 , 0 , 0 , 0 , 0 , 0 
db 0 , 0 , 0 , 0 , 0 , 0 , 0 , 0 
db 0 , 0 , 0 , 0 , 0 , 0 , 0 , 0 
db 0 , 0 , 0 , 0 , 0 , 0 , 0 , 0 
;------ END IMAGE --------
;------ BEGIN IMAGE --------
db 4 ; ancho
db 21 ; alto
db 0 , 0 , 0 , 0 
db 0 , 0 , 0 , 0 
db 0 , 0 , 0 , 0 
db 40 , 0 , 40 , 0 
db 40 , 0 , 40 , 0 
db 40 , 0 , 40 , 0 
db 60 , 20 , 40 , 0 
db 20 , 28 , 0 , 0 
db 20 , 28 , 0 , 0 
db 20 , 28 , 0 , 0 
db 16 , 36 , 0 , 0 
db 16 , 36 , 0 , 0 
db 16 , 36 , 0 , 0 
db 16 , 36 , 0 , 0 
db 16 , 36 , 0 , 0 
db 16 , 36 , 0 , 0 
db 0 , 32 , 0 , 0 
db 0 , 32 , 0 , 0 
db 0 , 32 , 0 , 0 
db 0 , 32 , 0 , 0 
db 0 , 32 , 0 , 0 
;------ END IMAGE --------
;------ BEGIN IMAGE --------
db 3 ; ancho
db 20 ; alto
db 0 , 0 , 192 
db 0 , 64 , 192 
db 0 , 128 , 192 
db 0 , 192 , 192 
db 64 , 64 , 192 
db 0 , 128 , 192 
db 64 , 64 , 192 
db 128 , 192 , 192 
db 64 , 64 , 192 
db 192 , 192 , 192 
db 64 , 192 , 192 
db 128 , 192 , 192 
db 64 , 192 , 192 
db 128 , 192 , 192 
db 64 , 192 , 192 
db 128 , 192 , 192 
db 64 , 192 , 192 
db 128 , 192 , 192 
db 64 , 192 , 192 
db 192 , 192 , 192 
;------ END IMAGE --------
;------ BEGIN IMAGE --------
db 3 ; ancho
db 20 ; alto
db 64 , 0 , 0 
db 192 , 128 , 0 
db 192 , 64 , 0 
db 192 , 192 , 0 
db 192 , 128 , 128 
db 192 , 64 , 0 
db 192 , 128 , 128 
db 192 , 192 , 64 
db 192 , 128 , 128 
db 192 , 192 , 192 
db 192 , 192 , 128 
db 192 , 192 , 64 
db 192 , 192 , 128 
db 192 , 192 , 64 
db 192 , 192 , 128 
db 192 , 192 , 64 
db 192 , 192 , 128 
db 192 , 192 , 64 
db 192 , 192 , 128 
db 192 , 192 , 192 
;------ END IMAGE --------
;------ BEGIN IMAGE --------
db 3 ; ancho
db 20 ; alto
db 192 , 0 , 0 
db 192 , 128 , 0 
db 192 , 64 , 0 
db 192 , 192 , 0 
db 192 , 128 , 128 
db 192 , 64 , 0 
db 192 , 128 , 128 
db 192 , 192 , 64 
db 192 , 128 , 128 
db 192 , 192 , 192 
db 192 , 192 , 128 
db 192 , 192 , 64 
db 192 , 192 , 128 
db 192 , 192 , 64 
db 192 , 192 , 128 
db 192 , 192 , 64 
db 192 , 192 , 128 
db 192 , 192 , 64 
db 192 , 192 , 128 
db 192 , 192 , 192 
;------ END IMAGE --------
;------ BEGIN IMAGE --------
db 3 ; ancho
db 20 ; alto
db 64 , 192 , 192 
db 64 , 192 , 192 
db 128 , 192 , 192 
db 64 , 192 , 192 
db 128 , 192 , 192 
db 64 , 192 , 192 
db 128 , 192 , 192 
db 64 , 192 , 192 
db 128 , 192 , 192 
db 64 , 192 , 192 
db 192 , 192 , 192 
db 64 , 64 , 192 
db 128 , 192 , 192 
db 64 , 64 , 192 
db 0 , 128 , 192 
db 64 , 64 , 192 
db 0 , 192 , 192 
db 0 , 128 , 192 
db 0 , 64 , 192 
db 0 , 0 , 192 
;------ END IMAGE --------
;------ BEGIN IMAGE --------
db 3 ; ancho
db 20 ; alto
db 64 , 192 , 0 
db 192 , 128 , 0 
db 192 , 64 , 0 
db 192 , 128 , 0 
db 192 , 64 , 0 
db 192 , 128 , 0 
db 192 , 64 , 0 
db 192 , 128 , 0 
db 192 , 64 , 0 
db 192 , 128 , 0 
db 192 , 192 , 0 
db 128 , 128 , 0 
db 192 , 64 , 0 
db 128 , 128 , 0 
db 64 , 0 , 0 
db 128 , 128 , 0 
db 192 , 0 , 0 
db 64 , 0 , 0 
db 128 , 0 , 0 
db 0 , 0 , 0 
;------ END IMAGE --------
;------ BEGIN IMAGE --------
db 3 ; ancho
db 20 ; alto
db 0 , 0 , 48 
db 0 , 16 , 192 
db 0 , 32 , 192 
db 16 , 192 , 192 
db 16 , 64 , 192 
db 16 , 128 , 192 
db 96 , 64 , 192 
db 32 , 192 , 192 
db 96 , 64 , 192 
db 32 , 192 , 192 
db 96 , 64 , 192 
db 32 , 128 , 192 
db 96 , 64 , 192 
db 32 , 192 , 192 
db 96 , 64 , 192 
db 32 , 192 , 192 
db 96 , 64 , 192 
db 32 , 192 , 192 
db 96 , 192 , 192 
db 96 , 192 , 192 
;------ END IMAGE --------
;------ BEGIN IMAGE --------
db 3 ; ancho
db 21 ; alto
db 64 , 192 , 192 
db 96 , 192 , 192 
db 96 , 192 , 192 
db 32 , 192 , 192 
db 96 , 64 , 192 
db 32 , 192 , 192 
db 96 , 64 , 192 
db 32 , 192 , 192 
db 96 , 64 , 192 
db 32 , 128 , 192 
db 96 , 64 , 192 
db 32 , 192 , 192 
db 96 , 64 , 192 
db 32 , 192 , 192 
db 96 , 64 , 192 
db 16 , 128 , 192 
db 16 , 64 , 192 
db 16 , 192 , 192 
db 0 , 32 , 192 
db 0 , 16 , 192 
db 0 , 0 , 48 
;------ END IMAGE --------
;------ BEGIN IMAGE --------
db 8 ; ancho
db 16 ; alto
db 32 , 0 , 0 , 0 , 0 , 0 , 0 , 0 
db 0 , 0 , 24 , 32 , 0 , 0 , 0 , 0 
db 0 , 4 , 160 , 176 , 0 , 0 , 0 , 0 
db 0 , 4 , 160 , 16 , 0 , 0 , 0 , 0 
db 0 , 12 , 240 , 176 , 32 , 0 , 0 , 0 
db 0 , 12 , 24 , 24 , 32 , 0 , 0 , 0 
db 0 , 12 , 48 , 48 , 32 , 0 , 0 , 0 
db 0 , 12 , 48 , 48 , 32 , 0 , 0 , 0 
db 0 , 12 , 48 , 48 , 32 , 0 , 0 , 0 
db 0 , 12 , 48 , 48 , 32 , 0 , 0 , 0 
db 0 , 4 , 48 , 48 , 0 , 0 , 0 , 0 
db 0 , 80 , 12 , 8 , 0 , 0 , 0 , 0 
db 0 , 16 , 16 , 16 , 0 , 0 , 0 , 0 
db 0 , 16 , 0 , 16 , 0 , 0 , 0 , 0 
db 0 , 0 , 0 , 0 , 0 , 0 , 0 , 0 
db 0 , 0 , 0 , 0 , 0 , 0 , 0 , 0 
;------ END IMAGE --------
;------ BEGIN IMAGE --------
db 8 ; ancho
db 16 ; alto
db 32 , 0 , 0 , 0 , 0 , 0 , 0 , 0 
db 0 , 0 , 24 , 32 , 0 , 0 , 0 , 0 
db 0 , 4 , 48 , 48 , 0 , 0 , 0 , 0 
db 0 , 4 , 240 , 48 , 0 , 0 , 0 , 0 
db 0 , 88 , 240 , 48 , 221 , 0 , 0 , 0 
db 0 , 88 , 176 , 48 , 32 , 0 , 0 , 0 
db 0 , 88 , 176 , 48 , 32 , 0 , 0 , 0 
db 0 , 88 , 176 , 37 , 32 , 0 , 0 , 0 
db 0 , 88 , 240 , 37 , 32 , 0 , 0 , 0 
db 0 , 4 , 240 , 37 , 221 , 0 , 0 , 0 
db 0 , 4 , 24 , 15 , 0 , 0 , 0 , 0 
db 0 , 5 , 12 , 15 , 0 , 0 , 0 , 0 
db 0 , 80 , 15 , 90 , 0 , 0 , 0 , 0 
db 0 , 80 , 0 , 80 , 0 , 0 , 0 , 0 
db 0 , 0 , 0 , 0 , 0 , 0 , 0 , 0 
db 0 , 0 , 0 , 0 , 0 , 0 , 0 , 0 
;------ END IMAGE --------
;------ BEGIN IMAGE --------
db 8 ; ancho
db 16 ; alto
db 32 , 0 , 0 , 0 , 0 , 0 , 0 , 0 
db 0 , 0 , 12 , 8 , 0 , 0 , 0 , 0 
db 0 , 4 , 160 , 164 , 0 , 0 , 0 , 0 
db 0 , 4 , 160 , 16 , 0 , 0 , 0 , 0 
db 0 , 12 , 240 , 176 , 8 , 0 , 0 , 0 
db 0 , 12 , 24 , 24 , 32 , 0 , 0 , 0 
db 0 , 12 , 48 , 48 , 32 , 0 , 0 , 0 
db 0 , 12 , 48 , 48 , 32 , 0 , 0 , 0 
db 0 , 12 , 48 , 48 , 32 , 0 , 0 , 0 
db 0 , 12 , 24 , 24 , 32 , 0 , 0 , 0 
db 0 , 4 , 12 , 48 , 0 , 0 , 0 , 0 
db 0 , 248 , 12 , 32 , 168 , 0 , 0 , 0 
db 0 , 254 , 0 , 84 , 170 , 0 , 0 , 0 
db 0 , 85 , 0 , 85 , 0 , 0 , 0 , 0 
db 0 , 0 , 0 , 0 , 0 , 0 , 0 , 0 
db 0 , 0 , 0 , 0 , 0 , 0 , 0 , 0 
;------ END IMAGE --------
;------ BEGIN IMAGE --------
db 4 ; ancho
db 8 ; alto
db 0 , 0 , 0 , 252 
db 0 , 0 , 0 , 0 
db 0 , 0 , 3 , 2 
db 0 , 1 , 3 , 2 
db 0 , 0 , 0 , 0 
db 84 , 252 , 1 , 3 
db 252 , 252 , 1 , 3 
db 0 , 0 , 0 , 0 
;------ END IMAGE --------
;------ BEGIN IMAGE --------
db 4 ; ancho
db 8 ; alto
db 252 , 0 , 0 , 0 
db 0 , 0 , 0 , 0 
db 1 , 3 , 0 , 0 
db 1 , 3 , 2 , 0 
db 0 , 0 , 0 , 0 
db 3 , 2 , 252 , 168 
db 3 , 2 , 252 , 252 
db 0 , 0 , 0 , 0 
;------ END IMAGE --------
;------ BEGIN IMAGE --------
db 4 ; ancho
db 8 ; alto
db 252 , 252 , 84 , 252 
db 0 , 0 , 0 , 0 
db 252 , 161 , 82 , 252 
db 252 , 161 , 82 , 252 
db 0 , 0 , 80 , 240 
db 252 , 168 , 3 , 244 
db 252 , 168 , 3 , 244 
db 0 , 0 , 0 , 0 
;------ END IMAGE --------
;------ BEGIN IMAGE --------
db 4 ; ancho
db 8 ; alto
db 0 , 0 , 0 , 0 
db 0 , 0 , 0 , 0 
db 0 , 0 , 0 , 0 
db 0 , 0 , 0 , 0 
db 0 , 0 , 0 , 0 
db 0 , 15 , 255 , 0 
db 5 , 95 , 255 , 170 
db 15 , 15 , 95 , 255 
;------ END IMAGE --------
;------ BEGIN IMAGE --------
db 4 ; ancho
db 8 ; alto
db 0 , 252 , 252 , 0 
db 5 , 15 , 26 , 32 
db 5 , 15 , 26 , 32 
db 5 , 26 , 48 , 32 
db 5 , 26 , 48 , 32 
db 5 , 26 , 48 , 32 
db 5 , 48 , 48 , 32 
db 0 , 252 , 252 , 0 
;------ END IMAGE --------
;------ BEGIN IMAGE --------
db 25 ; ancho
db 50 ; alto
db 0 , 0 , 0 , 0 , 0 , 0 , 0 , 0 , 0 , 0 , 0 , 0 , 68 , 204 , 152 , 32 , 0 , 0 , 0 , 0 , 0 , 0 , 0 , 0 , 0 
db 0 , 0 , 0 , 0 , 0 , 0 , 0 , 170 , 0 , 0 , 0 , 0 , 204 , 207 , 207 , 154 , 0 , 0 , 0 , 0 , 0 , 0 , 0 , 0 , 0 
db 0 , 0 , 0 , 0 , 0 , 0 , 0 , 170 , 0 , 0 , 0 , 68 , 205 , 207 , 207 , 154 , 0 , 0 , 0 , 0 , 0 , 0 , 0 , 0 , 0 
db 0 , 0 , 0 , 0 , 0 , 0 , 0 , 170 , 0 , 0 , 0 , 68 , 205 , 207 , 207 , 154 , 32 , 0 , 0 , 0 , 0 , 0 , 0 , 0 , 0 
db 0 , 0 , 0 , 0 , 0 , 0 , 0 , 170 , 0 , 0 , 0 , 68 , 205 , 207 , 207 , 222 , 32 , 0 , 0 , 0 , 0 , 0 , 0 , 0 , 0 
db 0 , 0 , 85 , 0 , 0 , 168 , 252 , 252 , 0 , 0 , 0 , 204 , 204 , 207 , 207 , 207 , 32 , 0 , 0 , 0 , 0 , 0 , 0 , 0 , 0 
db 0 , 0 , 85 , 0 , 248 , 252 , 184 , 112 , 248 , 248 , 168 , 228 , 228 , 229 , 207 , 207 , 168 , 0 , 0 , 0 , 0 , 170 , 0 , 0 , 0 
db 0 , 0 , 85 , 248 , 252 , 116 , 80 , 48 , 252 , 184 , 252 , 252 , 252 , 252 , 229 , 229 , 244 , 0 , 0 , 0 , 0 , 170 , 0 , 0 , 0 
db 0 , 0 , 85 , 252 , 184 , 32 , 4 , 48 , 0 , 48 , 184 , 184 , 24 , 48 , 252 , 252 , 252 , 248 , 168 , 0 , 0 , 170 , 0 , 0 , 0 
db 0 , 0 , 20 , 116 , 16 , 32 , 4 , 48 , 0 , 48 , 16 , 16 , 24 , 48 , 48 , 48 , 116 , 252 , 168 , 248 , 252 , 0 , 0 , 0 , 0 
db 0 , 0 , 20 , 32 , 4 , 32 , 4 , 48 , 0 , 48 , 16 , 16 , 24 , 73 , 105 , 195 , 146 , 48 , 116 , 252 , 252 , 168 , 0 , 0 , 0 
db 0 , 0 , 20 , 32 , 4 , 32 , 4 , 48 , 0 , 48 , 16 , 16 , 24 , 0 , 90 , 165 , 195 , 48 , 36 , 48 , 48 , 32 , 0 , 0 , 0 
db 0 , 0 , 20 , 32 , 4 , 32 , 4 , 48 , 0 , 48 , 16 , 16 , 24 , 0 , 90 , 165 , 225 , 48 , 36 , 48 , 48 , 32 , 0 , 0 , 0 
db 0 , 0 , 20 , 32 , 4 , 32 , 4 , 48 , 0 , 48 , 16 , 16 , 24 , 0 , 90 , 5 , 225 , 48 , 36 , 48 , 48 , 32 , 0 , 0 , 0 
db 0 , 0 , 20 , 32 , 4 , 32 , 4 , 48 , 0 , 48 , 16 , 16 , 24 , 240 , 90 , 5 , 225 , 48 , 36 , 48 , 48 , 32 , 0 , 0 , 0 
db 0 , 0 , 20 , 32 , 4 , 32 , 4 , 48 , 0 , 48 , 16 , 16 , 24 , 80 , 90 , 165 , 225 , 48 , 36 , 48 , 48 , 32 , 0 , 0 , 0 
db 0 , 0 , 20 , 32 , 4 , 32 , 4 , 48 , 0 , 48 , 16 , 16 , 24 , 0 , 90 , 5 , 225 , 48 , 36 , 48 , 48 , 32 , 0 , 0 , 0 
db 0 , 0 , 20 , 32 , 4 , 32 , 4 , 48 , 0 , 48 , 16 , 16 , 24 , 0 , 90 , 5 , 225 , 48 , 36 , 48 , 48 , 32 , 0 , 0 , 0 
db 0 , 0 , 20 , 32 , 4 , 32 , 4 , 48 , 0 , 48 , 16 , 16 , 24 , 0 , 80 , 240 , 240 , 48 , 36 , 48 , 48 , 32 , 0 , 0 , 0 
db 0 , 0 , 20 , 32 , 4 , 32 , 4 , 48 , 0 , 48 , 16 , 16 , 24 , 68 , 252 , 252 , 252 , 160 , 0 , 48 , 48 , 32 , 0 , 0 , 0 
db 0 , 0 , 20 , 32 , 4 , 32 , 4 , 48 , 0 , 48 , 16 , 16 , 24 , 68 , 252 , 252 , 252 , 252 , 252 , 0 , 48 , 32 , 0 , 0 , 0 
db 0 , 0 , 20 , 112 , 4 , 32 , 4 , 48 , 0 , 48 , 16 , 16 , 24 , 204 , 252 , 252 , 252 , 252 , 252 , 252 , 48 , 32 , 0 , 0 , 0 
db 0 , 0 , 20 , 112 , 4 , 32 , 4 , 48 , 0 , 48 , 16 , 16 , 76 , 204 , 252 , 252 , 252 , 252 , 252 , 252 , 48 , 32 , 0 , 0 , 0 
db 0 , 0 , 20 , 112 , 4 , 32 , 80 , 240 , 0 , 240 , 80 , 176 , 68 , 204 , 252 , 252 , 15 , 15 , 94 , 252 , 3 , 3 , 0 , 0 , 0 
db 0 , 0 , 20 , 15 , 26 , 15 , 26 , 48 , 3 , 3 , 3 , 3 , 70 , 204 , 252 , 252 , 0 , 0 , 94 , 252 , 65 , 1 , 0 , 0 , 0 
db 0 , 0 , 20 , 5 , 15 , 15 , 15 , 3 , 0 , 0 , 0 , 0 , 68 , 204 , 252 , 252 , 0 , 0 , 94 , 252 , 130 , 131 , 0 , 0 , 0 
db 0 , 0 , 45 , 15 , 0 , 0 , 1 , 3 , 3 , 3 , 3 , 3 , 70 , 204 , 252 , 252 , 0 , 0 , 94 , 252 , 3 , 3 , 2 , 0 , 0 
db 0 , 0 , 40 , 0 , 5 , 15 , 11 , 2 , 130 , 130 , 130 , 130 , 198 , 204 , 252 , 252 , 0 , 0 , 94 , 252 , 65 , 65 , 2 , 0 , 0 
db 0 , 0 , 15 , 15 , 40 , 40 , 41 , 3 , 3 , 3 , 3 , 3 , 70 , 204 , 252 , 252 , 0 , 0 , 94 , 252 , 3 , 3 , 2 , 0 , 0 
db 0 , 20 , 10 , 40 , 0 , 15 , 11 , 65 , 65 , 65 , 65 , 65 , 68 , 204 , 252 , 252 , 0 , 0 , 5 , 252 , 248 , 210 , 2 , 0 , 0 
db 0 , 20 , 15 , 15 , 15 , 0 , 1 , 3 , 3 , 3 , 3 , 3 , 3 , 204 , 252 , 168 , 0 , 0 , 5 , 252 , 169 , 3 , 3 , 0 , 0 
db 0 , 20 , 10 , 20 , 20 , 20 , 3 , 210 , 130 , 130 , 130 , 130 , 130 , 204 , 252 , 168 , 0 , 0 , 5 , 252 , 233 , 65 , 1 , 0 , 0 
db 0 , 5 , 0 , 45 , 15 , 15 , 3 , 3 , 3 , 3 , 3 , 3 , 3 , 204 , 252 , 168 , 0 , 0 , 5 , 252 , 169 , 3 , 3 , 0 , 0 
db 0 , 5 , 15 , 30 , 20 , 20 , 2 , 0 , 0 , 0 , 0 , 0 , 65 , 204 , 252 , 168 , 0 , 0 , 5 , 252 , 168 , 0 , 1 , 0 , 0 
db 0 , 5 , 20 , 20 , 20 , 15 , 3 , 3 , 3 , 3 , 3 , 3 , 3 , 204 , 252 , 168 , 0 , 0 , 5 , 252 , 169 , 3 , 3 , 2 , 0 
db 0 , 45 , 15 , 15 , 10 , 0 , 2 , 0 , 0 , 0 , 0 , 0 , 0 , 204 , 252 , 168 , 0 , 0 , 5 , 252 , 168 , 0 , 0 , 2 , 0 
db 0 , 45 , 20 , 20 , 20 , 1 , 3 , 3 , 3 , 3 , 3 , 3 , 3 , 204 , 252 , 168 , 0 , 0 , 5 , 252 , 169 , 3 , 3 , 2 , 0 
db 0 , 40 , 40 , 45 , 15 , 11 , 0 , 0 , 0 , 0 , 0 , 0 , 0 , 204 , 252 , 248 , 240 , 240 , 165 , 252 , 168 , 0 , 0 , 2 , 0 
db 0 , 15 , 15 , 20 , 20 , 20 , 3 , 3 , 3 , 3 , 3 , 3 , 3 , 204 , 252 , 248 , 240 , 240 , 165 , 252 , 169 , 3 , 3 , 2 , 0 
db 0 , 30 , 120 , 120 , 120 , 41 , 0 , 0 , 0 , 84 , 252 , 252 , 252 , 236 , 252 , 252 , 252 , 252 , 252 , 252 , 252 , 168 , 0 , 2 ,
 0 
db 0 , 15 , 15 , 15 , 15 , 94 , 252 , 252 , 252 , 252 , 252 , 248 , 248 , 248 , 248 , 248 , 252 , 0 , 0 , 0 , 84 , 252 , 252 , 252 ,
 168 
db 0 , 94 , 252 , 252 , 252 , 252 , 244 , 244 , 244 , 244 , 244 , 240 , 240 , 240 , 240 , 240 , 240 , 168 , 160 , 0 , 0 , 0 , 252 ,
 252 , 252 
db 244 , 244 , 244 , 244 , 244 , 240 , 240 , 240 , 240 , 240 , 240 , 240 , 252 , 252 , 252 , 252 , 240 , 244 , 160 , 0 , 0 , 0 , 0 ,
 0 , 252 
db 240 , 240 , 240 , 240 , 240 , 240 , 248 , 248 , 248 , 248 , 252 , 240 , 248 , 248 , 248 , 248 , 225 , 240 , 252 , 160 , 240 ,
 160 , 0 , 0 , 0 
db 248 , 248 , 248 , 252 , 244 , 240 , 244 , 252 , 244 , 252 , 248 , 248 , 252 , 252 , 252 , 252 , 240 , 210 , 240 , 252 , 240 ,
 160 , 0 , 0 , 240 
db 244 , 252 , 244 , 248 , 248 , 248 , 248 , 248 , 248 , 248 , 252 , 240 , 252 , 252 , 252 , 252 , 225 , 225 , 195 , 244 , 248 ,
 240 , 240 , 160 , 80 
db 248 , 248 , 248 , 252 , 244 , 248 , 244 , 252 , 244 , 252 , 248 , 248 , 248 , 248 , 248 , 248 , 240 , 195 , 195 , 210 , 244 ,
 248 , 240 , 240 , 240 
db 244 , 252 , 244 , 248 , 248 , 248 , 248 , 248 , 248 , 248 , 252 , 244 , 252 , 252 , 252 , 252 , 225 , 225 , 195 , 195 , 210 ,
 252 , 248 , 240 , 240 
db 248 , 248 , 248 , 252 , 244 , 252 , 244 , 252 , 244 , 252 , 248 , 248 , 252 , 252 , 252 , 252 , 240 , 195 , 195 , 195 , 195 ,
 214 , 252 , 248 , 240 
db 244 , 248 , 244 , 248 , 248 , 248 , 248 , 248 , 248 , 248 , 248 , 240 , 248 , 248 , 248 , 248 , 233 , 195 , 195 , 195 , 195 ,
 195 , 252 , 252 , 252 
;------ END IMAGE --------
;------ BEGIN IMAGE --------
db 25 ; ancho
db 50 ; alto
db 0 , 0 , 0 , 0 , 0 , 0 , 0 , 32 , 0 , 0 , 0 , 0 , 68 , 204 , 152 , 32 , 0 , 0 , 0 , 0 , 0 , 0 , 0 , 0 , 0 
db 0 , 0 , 0 , 0 , 0 , 0 , 0 , 160 , 0 , 0 , 0 , 0 , 204 , 207 , 207 , 154 , 0 , 0 , 0 , 0 , 0 , 0 , 0 , 0 , 0 
db 0 , 0 , 0 , 0 , 0 , 0 , 0 , 170 , 0 , 0 , 0 , 68 , 205 , 207 , 207 , 154 , 0 , 0 , 0 , 0 , 0 , 0 , 0 , 0 , 0 
db 0 , 0 , 16 , 0 , 0 , 0 , 0 , 170 , 0 , 0 , 0 , 68 , 205 , 207 , 207 , 154 , 32 , 0 , 0 , 0 , 0 , 0 , 0 , 0 , 0 
db 0 , 0 , 0 , 0 , 0 , 0 , 0 , 170 , 0 , 0 , 0 , 68 , 205 , 207 , 207 , 222 , 32 , 0 , 0 , 0 , 0 , 160 , 0 , 0 , 0 
db 0 , 0 , 85 , 0 , 0 , 168 , 252 , 252 , 0 , 0 , 0 , 204 , 204 , 207 , 207 , 207 , 32 , 0 , 0 , 0 , 0 , 0 , 0 , 0 , 0 
db 0 , 0 , 85 , 0 , 248 , 252 , 184 , 112 , 248 , 248 , 168 , 228 , 228 , 229 , 207 , 207 , 168 , 0 , 0 , 0 , 0 , 170 , 0 , 0 , 0 
db 0 , 0 , 85 , 248 , 252 , 116 , 80 , 48 , 252 , 184 , 252 , 252 , 252 , 252 , 229 , 229 , 244 , 0 , 0 , 0 , 0 , 170 , 0 , 0 , 0 
db 0 , 0 , 85 , 252 , 184 , 32 , 4 , 48 , 0 , 48 , 184 , 116 , 24 , 48 , 252 , 252 , 252 , 248 , 168 , 0 , 0 , 170 , 0 , 0 , 0 
db 0 , 0 , 20 , 116 , 16 , 32 , 4 , 48 , 0 , 48 , 16 , 48 , 24 , 48 , 48 , 48 , 116 , 252 , 168 , 248 , 252 , 0 , 0 , 0 , 0 
db 0 , 0 , 20 , 32 , 4 , 32 , 4 , 48 , 0 , 48 , 16 , 48 , 24 , 73 , 105 , 195 , 146 , 48 , 116 , 252 , 252 , 168 , 0 , 0 , 0 
db 0 , 0 , 20 , 32 , 4 , 32 , 4 , 48 , 0 , 48 , 16 , 48 , 24 , 0 , 90 , 165 , 195 , 48 , 36 , 48 , 48 , 32 , 0 , 0 , 0 
db 0 , 0 , 20 , 32 , 4 , 32 , 4 , 48 , 0 , 48 , 16 , 48 , 24 , 0 , 90 , 165 , 225 , 48 , 36 , 48 , 176 , 32 , 0 , 0 , 0 
db 0 , 0 , 20 , 32 , 4 , 32 , 4 , 48 , 0 , 48 , 16 , 48 , 24 , 0 , 90 , 5 , 225 , 48 , 36 , 48 , 112 , 160 , 0 , 0 , 0 
db 0 , 0 , 20 , 32 , 4 , 32 , 4 , 48 , 0 , 48 , 16 , 48 , 24 , 240 , 90 , 5 , 225 , 48 , 36 , 48 , 48 , 32 , 0 , 0 , 0 
db 0 , 0 , 20 , 32 , 4 , 32 , 4 , 48 , 0 , 48 , 16 , 48 , 24 , 80 , 90 , 165 , 225 , 48 , 36 , 48 , 48 , 32 , 0 , 0 , 0 
db 0 , 0 , 20 , 32 , 4 , 32 , 4 , 48 , 0 , 48 , 16 , 48 , 24 , 0 , 90 , 5 , 225 , 48 , 36 , 48 , 48 , 32 , 0 , 0 , 0 
db 0 , 0 , 20 , 32 , 4 , 32 , 4 , 48 , 0 , 48 , 16 , 48 , 24 , 0 , 90 , 5 , 225 , 48 , 36 , 48 , 48 , 160 , 0 , 0 , 0 
db 0 , 0 , 20 , 32 , 4 , 32 , 4 , 48 , 0 , 48 , 16 , 48 , 24 , 0 , 80 , 240 , 240 , 48 , 36 , 48 , 48 , 32 , 0 , 0 , 0 
db 0 , 0 , 20 , 32 , 4 , 32 , 4 , 48 , 0 , 48 , 16 , 48 , 24 , 68 , 252 , 252 , 252 , 160 , 0 , 48 , 48 , 160 , 0 , 0 , 0 
db 0 , 0 , 20 , 32 , 4 , 32 , 4 , 48 , 0 , 48 , 16 , 48 , 24 , 68 , 252 , 252 , 252 , 252 , 252 , 0 , 48 , 32 , 0 , 0 , 0 
db 0 , 0 , 20 , 112 , 4 , 32 , 4 , 48 , 0 , 48 , 16 , 48 , 24 , 204 , 252 , 252 , 252 , 252 , 252 , 252 , 48 , 32 , 0 , 0 , 0 
db 0 , 0 , 20 , 112 , 4 , 32 , 4 , 48 , 0 , 48 , 16 , 48 , 76 , 204 , 252 , 252 , 252 , 252 , 252 , 252 , 48 , 32 , 0 , 0 , 0 
db 0 , 0 , 20 , 112 , 4 , 32 , 80 , 240 , 0 , 240 , 80 , 176 , 68 , 204 , 252 , 252 , 15 , 15 , 94 , 252 , 3 , 3 , 0 , 0 , 0 
db 0 , 0 , 20 , 15 , 26 , 15 , 26 , 48 , 3 , 3 , 3 , 3 , 70 , 204 , 252 , 252 , 0 , 0 , 94 , 252 , 65 , 1 , 0 , 0 , 0 
db 0 , 0 , 20 , 5 , 15 , 15 , 15 , 3 , 0 , 0 , 0 , 0 , 68 , 204 , 252 , 252 , 0 , 0 , 94 , 252 , 130 , 131 , 0 , 0 , 0 
db 0 , 0 , 45 , 15 , 0 , 0 , 1 , 3 , 3 , 3 , 3 , 3 , 70 , 204 , 252 , 252 , 0 , 0 , 94 , 252 , 3 , 3 , 2 , 0 , 0 
db 0 , 0 , 40 , 0 , 5 , 15 , 11 , 2 , 130 , 130 , 130 , 130 , 198 , 204 , 252 , 252 , 0 , 0 , 94 , 252 , 65 , 65 , 2 , 0 , 0 
db 0 , 0 , 15 , 15 , 40 , 40 , 41 , 3 , 3 , 3 , 3 , 3 , 70 , 204 , 252 , 252 , 0 , 0 , 94 , 252 , 3 , 3 , 2 , 0 , 0 
db 0 , 20 , 10 , 40 , 0 , 15 , 11 , 65 , 65 , 65 , 65 , 65 , 68 , 204 , 252 , 252 , 0 , 0 , 5 , 252 , 248 , 210 , 2 , 0 , 0 
db 0 , 20 , 15 , 15 , 15 , 0 , 1 , 3 , 3 , 3 , 3 , 3 , 3 , 204 , 252 , 168 , 0 , 0 , 5 , 252 , 169 , 3 , 3 , 0 , 0 
db 0 , 20 , 10 , 20 , 20 , 20 , 3 , 210 , 130 , 130 , 130 , 130 , 130 , 204 , 252 , 168 , 0 , 0 , 5 , 252 , 233 , 65 , 1 , 0 , 0 
db 0 , 5 , 0 , 45 , 15 , 15 , 3 , 3 , 3 , 3 , 3 , 3 , 3 , 204 , 252 , 168 , 0 , 0 , 5 , 252 , 169 , 3 , 3 , 0 , 0 
db 0 , 5 , 15 , 30 , 20 , 20 , 2 , 0 , 0 , 0 , 0 , 0 , 65 , 204 , 252 , 168 , 0 , 0 , 5 , 252 , 168 , 0 , 1 , 0 , 0 
db 0 , 5 , 20 , 20 , 20 , 15 , 3 , 3 , 3 , 3 , 3 , 3 , 3 , 204 , 252 , 168 , 0 , 0 , 5 , 252 , 169 , 3 , 3 , 2 , 0 
db 0 , 45 , 15 , 15 , 10 , 0 , 2 , 0 , 0 , 0 , 0 , 0 , 0 , 204 , 252 , 168 , 0 , 0 , 5 , 252 , 168 , 0 , 0 , 2 , 0 
db 0 , 45 , 20 , 20 , 20 , 1 , 3 , 3 , 3 , 3 , 3 , 3 , 3 , 204 , 252 , 168 , 0 , 0 , 5 , 252 , 169 , 3 , 3 , 2 , 0 
db 0 , 40 , 40 , 45 , 15 , 11 , 0 , 0 , 0 , 0 , 0 , 0 , 0 , 204 , 252 , 248 , 240 , 240 , 165 , 252 , 168 , 0 , 0 , 2 , 0 
db 0 , 15 , 15 , 20 , 20 , 20 , 3 , 3 , 3 , 3 , 3 , 3 , 3 , 204 , 252 , 248 , 240 , 240 , 165 , 252 , 169 , 3 , 3 , 2 , 0 
db 0 , 30 , 120 , 120 , 120 , 41 , 0 , 0 , 0 , 84 , 252 , 252 , 252 , 236 , 252 , 252 , 252 , 252 , 252 , 252 , 252 , 168 , 0 , 2 ,
 0 
db 0 , 15 , 15 , 15 , 15 , 94 , 252 , 252 , 252 , 252 , 252 , 248 , 248 , 248 , 248 , 248 , 252 , 0 , 0 , 0 , 84 , 252 , 252 , 252 ,
 168 
db 0 , 94 , 252 , 252 , 252 , 252 , 244 , 244 , 244 , 244 , 244 , 240 , 240 , 240 , 240 , 240 , 240 , 237 , 207 , 207 , 207 , 207 ,
 222 , 244 , 244 
db 244 , 244 , 244 , 244 , 244 , 240 , 240 , 240 , 240 , 240 , 240 , 240 , 252 , 252 , 252 , 252 , 240 , 244 , 160 , 0 , 0 , 0 , 84 
, 248 , 252 
db 240 , 240 , 240 , 240 , 240 , 240 , 248 , 248 , 248 , 248 , 252 , 240 , 248 , 248 , 248 , 248 , 225 , 240 , 252 , 207 , 207 ,
 207 , 207 , 252 , 248 
db 248 , 248 , 248 , 252 , 244 , 240 , 244 , 252 , 244 , 252 , 248 , 248 , 252 , 252 , 252 , 252 , 240 , 210 , 240 , 252 , 240 ,
 240 , 160 , 84 , 252 
db 244 , 252 , 244 , 248 , 248 , 248 , 248 , 248 , 248 , 248 , 252 , 240 , 252 , 252 , 252 , 252 , 225 , 225 , 195 , 244 , 237 ,
 207 , 207 , 203 , 248 
db 248 , 248 , 248 , 252 , 244 , 248 , 244 , 252 , 244 , 252 , 248 , 248 , 248 , 248 , 248 , 248 , 240 , 195 , 195 , 210 , 244 ,
 248 , 240 , 240 , 244 
db 244 , 252 , 244 , 248 , 248 , 248 , 248 , 248 , 248 , 248 , 252 , 244 , 252 , 252 , 252 , 252 , 225 , 225 , 195 , 195 , 210 ,
 252 , 207 , 207 , 207 
db 248 , 248 , 248 , 252 , 244 , 252 , 244 , 252 , 244 , 252 , 248 , 248 , 252 , 252 , 252 , 252 , 240 , 195 , 195 , 195 , 195 ,
 214 , 248 , 240 , 244 
db 244 , 248 , 244 , 248 , 248 , 248 , 248 , 248 , 248 , 248 , 248 , 240 , 248 , 248 , 248 , 248 , 233 , 195 , 195 , 195 , 195 ,
 195 , 252 , 252 , 252 
;------ END IMAGE --------
;------ BEGIN IMAGE --------
db 13 ; ancho
db 16 ; alto
db 85 , 255 , 175 , 85 , 255 , 255 , 175 , 85 , 255 , 255 , 175 , 0 , 0 
db 85 , 255 , 175 , 85 , 255 , 255 , 175 , 85 , 255 , 255 , 175 , 0 , 0 
db 0 , 0 , 0 , 0 , 0 , 0 , 0 , 0 , 0 , 0 , 0 , 0 , 0 
db 255 , 10 , 255 , 10 , 255 , 10 , 255 , 10 , 255 , 10 , 255 , 10 , 0 
db 255 , 10 , 255 , 10 , 255 , 10 , 255 , 10 , 255 , 10 , 255 , 10 , 0 
db 0 , 0 , 0 , 0 , 0 , 0 , 0 , 0 , 0 , 0 , 0 , 0 , 0 
db 85 , 255 , 175 , 0 , 255 , 255 , 170 , 0 , 255 , 255 , 175 , 0 , 0 
db 85 , 255 , 175 , 0 , 255 , 255 , 170 , 0 , 255 , 255 , 175 , 0 , 0 
db 0 , 0 , 0 , 0 , 0 , 0 , 0 , 0 , 0 , 0 , 0 , 0 , 0 
db 255 , 10 , 255 , 10 , 255 , 10 , 255 , 10 , 255 , 10 , 0 , 0 , 0 
db 255 , 10 , 255 , 10 , 255 , 10 , 255 , 10 , 255 , 10 , 0 , 0 , 0 
db 0 , 0 , 0 , 0 , 0 , 0 , 0 , 0 , 0 , 0 , 0 , 0 , 0 
db 85 , 255 , 175 , 85 , 255 , 255 , 175 , 85 , 255 , 175 , 0 , 0 , 0 
db 85 , 255 , 175 , 85 , 255 , 255 , 175 , 85 , 255 , 175 , 0 , 0 , 0 
db 0 , 0 , 0 , 0 , 0 , 0 , 0 , 0 , 0 , 0 , 0 , 0 , 0 
db 0 , 0 , 0 , 0 , 0 , 0 , 0 , 0 , 0 , 0 , 0 , 0 , 0 
;------ END IMAGE --------
' ------ BEGIN PALETA --------
' ------ BEGIN PALETA --------
INK  0 , 0 
INK  1 , 13 
INK  2 , 3 
INK  3 , 12 
INK  4 , 26 
INK  5 , 11 
INK  6 , 24 
INK  7 , 9 
INK  8 , 14 
INK  9 , 16 
INK  10 , 1 
INK  11 , 10 
INK  12 , 2 
INK  13 , 6 
INK  14 , 20 
INK  15 , 18 
' ------ END PALETA --------
;------ BEGIN IMAGE --------
db 10 ; ancho
db 10 ; alto
db 0 , 0 , 0 , 0 , 0 , 0 , 0 , 0 , 0 , 0 
db 0 , 0 , 0 , 0 , 0 , 0 , 0 , 0 , 0 , 0 
db 0 , 0 , 0 , 0 , 64 , 128 , 0 , 0 , 0 , 0 
db 0 , 0 , 0 , 0 , 192 , 192 , 0 , 0 , 0 , 0 
db 0 , 0 , 0 , 64 , 192 , 192 , 128 , 0 , 0 , 0 
db 0 , 0 , 0 , 0 , 64 , 192 , 192 , 0 , 0 , 0 
db 0 , 0 , 64 , 192 , 128 , 64 , 192 , 128 , 0 , 0 
db 0 , 0 , 192 , 192 , 192 , 192 , 192 , 64 , 0 , 0 
db 0 , 64 , 64 , 192 , 192 , 192 , 0 , 192 , 128 , 0 
db 0 , 192 , 128 , 64 , 192 , 192 , 192 , 192 , 192 , 0 
;------ END IMAGE --------
;------ BEGIN IMAGE --------
db 10 ; ancho
db 10 ; alto
db 192 , 192 , 192 , 192 , 192 , 192 , 192 , 192 , 192 , 192 
db 192 , 192 , 192 , 192 , 128 , 64 , 192 , 192 , 192 , 192 
db 192 , 192 , 192 , 192 , 64 , 128 , 192 , 192 , 192 , 192 
db 192 , 192 , 192 , 128 , 192 , 192 , 64 , 192 , 192 , 192 
db 192 , 192 , 192 , 64 , 192 , 192 , 128 , 192 , 192 , 192 
db 192 , 192 , 128 , 0 , 64 , 192 , 192 , 64 , 192 , 192 
db 192 , 192 , 64 , 192 , 128 , 64 , 192 , 128 , 192 , 192 
db 192 , 128 , 192 , 192 , 192 , 192 , 192 , 64 , 64 , 192 
db 192 , 64 , 64 , 192 , 192 , 192 , 0 , 192 , 128 , 192 
db 0 , 192 , 128 , 64 , 192 , 192 , 192 , 192 , 192 , 0 
;------ END IMAGE --------
