;------ BEGIN IMAGE --------
db 4 ; ancho
db 8 ; alto
db 0 , 0 , 0 , 0 
db 0 , 0 , 0 , 240 
db 0 , 0 , 48 , 240 
db 0 , 0 , 240 , 240 
db 0 , 48 , 240 , 240 
db 0 , 240 , 240 , 240 
db 48 , 240 , 240 , 240 
db 240 , 240 , 240 , 240 
;------ END IMAGE --------
;------ BEGIN IMAGE --------
db 4 ; ancho
db 8 ; alto
db 0 , 0 , 0 , 0 
db 0 , 0 , 0 , 240 
db 0 , 0 , 48 , 240 
db 0 , 0 , 240 , 240 
db 0 , 48 , 240 , 240 
db 0 , 240 , 240 , 240 
db 0 , 240 , 240 , 240 
db 0 , 240 , 240 , 240 
;------ END IMAGE --------
;------ BEGIN IMAGE --------
db 4 ; ancho
db 8 ; alto
db 0 , 0 , 0 , 0 
db 0 , 0 , 0 , 240 
db 0 , 0 , 48 , 240 
db 0 , 0 , 240 , 240 
db 0 , 48 , 240 , 240 
db 0 , 240 , 240 , 240 
db 0 , 240 , 240 , 240 
db 0 , 240 , 240 , 240 
;------ END IMAGE --------
;------ BEGIN IMAGE --------
db 4 ; ancho
db 8 ; alto
db 0 , 0 , 0 , 0 
db 240 , 0 , 0 , 0 
db 240 , 192 , 0 , 0 
db 240 , 240 , 0 , 0 
db 240 , 240 , 192 , 0 
db 240 , 240 , 240 , 0 
db 240 , 240 , 240 , 0 
db 240 , 240 , 240 , 0 
;------ END IMAGE --------
;------ BEGIN IMAGE --------
db 4 ; ancho
db 8 ; alto
db 240 , 240 , 240 , 0 
db 240 , 240 , 240 , 0 
db 240 , 240 , 240 , 0 
db 240 , 240 , 192 , 0 
db 240 , 240 , 0 , 0 
db 240 , 192 , 0 , 0 
db 240 , 0 , 0 , 0 
db 0 , 0 , 64 , 0 
;------ END IMAGE --------
;------ BEGIN IMAGE --------
db 4 ; ancho
db 8 ; alto
db 0 , 240 , 240 , 240 
db 0 , 240 , 240 , 240 
db 0 , 240 , 240 , 240 
db 0 , 48 , 240 , 240 
db 0 , 0 , 240 , 240 
db 0 , 0 , 48 , 240 
db 0 , 0 , 0 , 240 
db 0 , 32 , 64 , 0 
;------ END IMAGE --------
;------ BEGIN IMAGE --------
db 5 ; ancho
db 16 ; alto
db 0 , 0 , 0 , 0 , 0 
db 0 , 0 , 0 , 0 , 0 
db 0 , 0 , 0 , 0 , 0 
db 0 , 8 , 1 , 15 , 0 
db 0 , 14 , 2 , 255 , 8 
db 0 , 15 , 63 , 255 , 140 
db 0 , 15 , 15 , 15 , 15 
db 0 , 55 , 255 , 207 , 14 
db 0 , 3 , 239 , 15 , 8 
db 0 , 0 , 0 , 0 , 0 
db 0 , 0 , 0 , 0 , 0 
db 0 , 0 , 0 , 0 , 0 
db 0 , 0 , 0 , 0 , 0 
db 0 , 0 , 0 , 0 , 0 
db 0 , 0 , 0 , 0 , 0 
db 0 , 0 , 0 , 0 , 0 
;------ END IMAGE --------
r;------ BEGIN IMAGE --------
db 8 ; ancho
db 34 ; alto
db 240 , 240 , 0 , 0 , 0 , 0 , 0 , 0 
db 240 , 240 , 0 , 0 , 0 , 0 , 0 , 0 
db 240 , 0 , 0 , 11 , 0 , 0 , 0 , 0 
db 240 , 0 , 1 , 5 , 12 , 0 , 0 , 0 
db 240 , 0 , 2 , 14 , 14 , 0 , 0 , 0 
db 240 , 0 , 5 , 12 , 0 , 0 , 0 , 0 
db 240 , 0 , 5 , 3 , 15 , 8 , 0 , 0 
db 240 , 0 , 12 , 12 , 0 , 6 , 0 , 0 
db 240 , 0 , 11 , 1 , 15 , 1 , 0 , 0 
db 240 , 0 , 4 , 3 , 5 , 9 , 0 , 0 
db 240 , 0 , 9 , 11 , 5 , 10 , 0 , 0 
db 0 , 1 , 1 , 15 , 15 , 4 , 0 , 0 
db 0 , 1 , 4 , 14 , 3 , 8 , 0 , 0 
db 240 , 0 , 11 , 3 , 12 , 0 , 0 , 0 
db 240 , 0 , 15 , 14 , 9 , 8 , 0 , 0 
db 0 , 1 , 15 , 15 , 7 , 12 , 0 , 0 
db 0 , 3 , 15 , 15 , 13 , 14 , 0 , 0 
db 0 , 1 , 14 , 15 , 13 , 12 , 0 , 0 
db 0 , 6 , 13 , 15 , 14 , 11 , 0 , 0 
db 0 , 3 , 1 , 15 , 14 , 7 , 8 , 0 
db 0 , 3 , 10 , 7 , 0 , 3 , 12 , 0 
db 0 , 3 , 11 , 8 , 14 , 0 , 12 , 0 
db 0 , 1 , 13 , 14 , 14 , 0 , 0 , 0 
db 240 , 0 , 13 , 14 , 12 , 0 , 0 , 0 
db 240 , 0 , 3 , 14 , 12 , 0 , 0 , 0 
db 240 , 0 , 0 , 6 , 0 , 0 , 0 , 0 
db 240 , 0 , 3 , 0 , 8 , 0 , 0 , 0 
db 240 , 0 , 3 , 7 , 0 , 0 , 0 , 0 
db 240 , 0 , 4 , 7 , 11 , 0 , 0 , 0 
db 240 , 0 , 7 , 8 , 15 , 8 , 0 , 0 
db 240 , 0 , 7 , 7 , 7 , 0 , 0 , 0 
db 240 , 0 , 1 , 15 , 0 , 0 , 0 , 0 
db 240 , 0 , 0 , 0 , 0 , 0 , 0 , 0 
db 240 , 0 , 0 , 0 , 0 , 0 , 0 , 0 
;------ END IMAGE --------
