;------ BEGIN IMAGE --------
db 4 ; ancho
db 16 ; alto
db 60 , 60 , 28 , 60 
db 60 , 60 , 28 , 60 
db 60 , 60 , 28 , 60 
db 60 , 60 , 28 , 60 
db 60 , 60 , 28 , 60 
db 60 , 60 , 28 , 60 
db 60 , 60 , 28 , 60 
db 12 , 12 , 12 , 12 
db 44 , 60 , 60 , 60 
db 44 , 60 , 60 , 60 
db 44 , 60 , 60 , 60 
db 44 , 60 , 60 , 60 
db 44 , 60 , 60 , 60 
db 44 , 60 , 60 , 60 
db 44 , 60 , 60 , 60 
db 12 , 12 , 12 , 12 
;------ END IMAGE --------
;------ BEGIN IMAGE --------
db 4 ; ancho
db 16 ; alto
db 128 , 64 , 128 , 64 
db 128 , 64 , 128 , 64 
db 64 , 0 , 0 , 128 
db 64 , 0 , 0 , 128 
db 0 , 128 , 64 , 0 
db 0 , 128 , 64 , 0 
db 128 , 64 , 128 , 64 
db 128 , 64 , 128 , 64 
db 128 , 64 , 128 , 64 
db 128 , 64 , 128 , 64 
db 0 , 128 , 64 , 0 
db 0 , 128 , 64 , 0 
db 64 , 0 , 0 , 128 
db 64 , 0 , 0 , 128 
db 128 , 64 , 128 , 64 
db 128 , 64 , 128 , 64 
;------ END IMAGE --------
;------ BEGIN IMAGE --------
db 4 ; ancho
db 16 ; alto
db 0 , 0 , 0 , 0 
db 0 , 0 , 0 , 0 
db 0 , 0 , 0 , 0 
db 0 , 4 , 8 , 0 
db 0 , 13 , 14 , 0 
db 0 , 15 , 15 , 0 
db 0 , 15 , 15 , 0 
db 0 , 15 , 15 , 0 
db 0 , 15 , 15 , 0 
db 0 , 15 , 15 , 0 
db 0 , 15 , 15 , 0 
db 0 , 13 , 14 , 0 
db 0 , 4 , 8 , 0 
db 0 , 0 , 0 , 0 
db 0 , 0 , 0 , 0 
db 0 , 0 , 0 , 0 
;------ END IMAGE --------
;------ BEGIN IMAGE --------
db 4 ; ancho
db 16 ; alto
db 0 , 0 , 0 , 0 
db 0 , 0 , 0 , 0 
db 0 , 0 , 0 , 0 
db 0 , 4 , 8 , 0 
db 0 , 13 , 14 , 0 
db 0 , 15 , 15 , 0 
db 0 , 15 , 15 , 0 
db 0 , 15 , 15 , 0 
db 0 , 15 , 15 , 0 
db 0 , 15 , 15 , 0 
db 0 , 15 , 15 , 0 
db 0 , 13 , 14 , 0 
db 0 , 4 , 8 , 0 
db 0 , 0 , 0 , 0 
db 0 , 0 , 0 , 0 
db 0 , 0 , 0 , 0 
;------ END IMAGE --------
