
;------ BEGIN SPRITE --------
db 6 ; ancho
db 24 ; alto
db 40 , 0 , 0 , 0 , 0 , 0 
db 0 , 0 , 192 , 192 , 0 , 0 
db 0 , 0 , 128 , 64 , 0 , 0 
db 0 , 0 , 128 , 64 , 0 , 0 
db 0 , 0 , 128 , 64 , 128 , 0 
db 0 , 0 , 128 , 64 , 128 , 0 
db 0 , 0 , 128 , 0 , 0 , 0 
db 0 , 0 , 128 , 64 , 0 , 0 
db 0 , 0 , 192 , 192 , 0 , 0 
db 0 , 0 , 64 , 0 , 0 , 0 
db 0 , 0 , 64 , 0 , 0 , 0 
db 0 , 0 , 192 , 192 , 0 , 0 
db 0 , 0 , 0 , 64 , 0 , 0 
db 0 , 0 , 64 , 64 , 0 , 0 
db 0 , 0 , 0 , 64 , 0 , 0 
db 0 , 0 , 64 , 64 , 0 , 0 
db 0 , 0 , 64 , 0 , 0 , 0 
db 0 , 0 , 64 , 0 , 0 , 0 
db 0 , 0 , 64 , 0 , 0 , 0 
db 0 , 0 , 64 , 0 , 0 , 0 
db 0 , 0 , 0 , 0 , 0 , 0 
db 0 , 0 , 64 , 0 , 0 , 0 
db 0 , 0 , 64 , 192 , 0 , 0 
db 0 , 0 , 0 , 0 , 0 , 0 
;------ END SPRITE --------
;------ BEGIN SPRITE --------
db 6 ; ancho
db 24 ; alto
db 40 , 0 , 0 , 0 , 0 , 0 
db 0 , 0 , 64 , 192 , 0 , 0 
db 0 , 0 , 0 , 64 , 0 , 0 
db 0 , 0 , 128 , 64 , 0 , 0 
db 0 , 0 , 128 , 64 , 128 , 0 
db 0 , 0 , 128 , 64 , 128 , 0 
db 0 , 0 , 128 , 64 , 0 , 0 
db 0 , 0 , 192 , 192 , 0 , 0 
db 0 , 0 , 64 , 0 , 0 , 0 
db 0 , 0 , 64 , 0 , 0 , 0 
db 0 , 0 , 64 , 0 , 0 , 0 
db 0 , 0 , 64 , 0 , 0 , 0 
db 0 , 0 , 192 , 128 , 0 , 0 
db 0 , 0 , 64 , 64 , 192 , 0 
db 0 , 0 , 64 , 0 , 128 , 0 
db 0 , 0 , 64 , 0 , 0 , 0 
db 0 , 0 , 64 , 0 , 0 , 0 
db 0 , 0 , 64 , 0 , 0 , 0 
db 0 , 0 , 64 , 0 , 0 , 0 
db 0 , 0 , 64 , 0 , 0 , 0 
db 0 , 0 , 64 , 128 , 0 , 0 
db 0 , 0 , 0 , 0 , 0 , 0 
db 0 , 0 , 0 , 0 , 0 , 0 
db 0 , 0 , 0 , 0 , 0 , 0 
;------ END SPRITE --------
;------ BEGIN SPRITE --------
db 6 ; ancho
db 24 ; alto
db 40 , 0 , 0 , 0 , 0 , 0 
db 0 , 0 , 0 , 0 , 0 , 0 
db 0 , 0 , 0 , 0 , 0 , 0 
db 0 , 0 , 0 , 0 , 0 , 0 
db 0 , 0 , 192 , 128 , 0 , 0 
db 0 , 0 , 128 , 64 , 128 , 0 
db 0 , 0 , 128 , 0 , 128 , 0 
db 0 , 0 , 128 , 0 , 192 , 0 
db 0 , 0 , 128 , 0 , 192 , 0 
db 0 , 0 , 128 , 0 , 128 , 0 
db 0 , 0 , 192 , 192 , 0 , 0 
db 0 , 0 , 0 , 0 , 0 , 0 
db 0 , 0 , 0 , 128 , 0 , 0 
db 0 , 0 , 0 , 128 , 0 , 0 
db 0 , 0 , 0 , 128 , 0 , 128 
db 0 , 0 , 0 , 192 , 192 , 0 
db 0 , 0 , 0 , 128 , 0 , 0 
db 0 , 0 , 0 , 128 , 0 , 0 
db 0 , 0 , 0 , 128 , 0 , 0 
db 0 , 0 , 0 , 128 , 0 , 0 
db 0 , 0 , 0 , 128 , 0 , 0 
db 0 , 0 , 0 , 128 , 0 , 0 
db 0 , 0 , 0 , 192 , 0 , 0 
db 0 , 0 , 0 , 0 , 0 , 0 
;------ END SPRITE --------
