
' ------ BEGIN PALETA --------
q;------ BEGIN SPRITE --------
db 10 ; ancho
db 24 ; alto
db 0 , 0 , 0 , 0 , 5 , 10 , 0 , 0 , 0 , 0 
db 0 , 0 , 0 , 5 , 15 , 15 , 10 , 0 , 0 , 0 
db 0 , 0 , 0 , 5 , 15 , 15 , 10 , 0 , 0 , 0 
db 0 , 0 , 0 , 0 , 5 , 10 , 0 , 0 , 0 , 0 
db 0 , 0 , 0 , 51 , 5 , 10 , 51 , 0 , 0 , 0 
db 0 , 0 , 0 , 51 , 39 , 27 , 51 , 0 , 0 , 0 
db 0 , 0 , 0 , 51 , 5 , 10 , 51 , 0 , 0 , 0 
db 0 , 0 , 0 , 0 , 5 , 10 , 0 , 0 , 0 , 0 
db 0 , 0 , 0 , 0 , 15 , 15 , 0 , 0 , 0 , 0 
db 0 , 0 , 0 , 0 , 15 , 15 , 0 , 0 , 0 , 0 
db 0 , 0 , 0 , 0 , 15 , 15 , 0 , 0 , 0 , 0 
db 0 , 0 , 0 , 0 , 27 , 39 , 0 , 0 , 0 , 0 
db 0 , 0 , 0 , 5 , 115 , 179 , 10 , 0 , 0 , 0 
db 0 , 0 , 0 , 5 , 243 , 243 , 10 , 0 , 0 , 0 
db 0 , 0 , 0 , 5 , 243 , 243 , 10 , 0 , 0 , 0 
db 0 , 0 , 0 , 5 , 91 , 167 , 10 , 0 , 0 , 0 
db 0 , 0 , 51 , 34 , 91 , 167 , 17 , 51 , 0 , 0 
db 0 , 0 , 51 , 34 , 91 , 167 , 17 , 51 , 0 , 0 
db 0 , 0 , 51 , 51 , 15 , 15 , 51 , 51 , 0 , 0 
db 0 , 0 , 51 , 51 , 15 , 15 , 51 , 51 , 0 , 0 
db 0 , 0 , 51 , 34 , 27 , 39 , 17 , 51 , 0 , 0 
db 0 , 0 , 51 , 39 , 27 , 39 , 27 , 51 , 0 , 0 
db 0 , 0 , 0 , 15 , 15 , 15 , 15 , 0 , 0 , 0 
db 0 , 0 , 0 , 15 , 15 , 15 , 15 , 0 , 0 , 0 
;------ END SPRITE --------
' ------ BEGIN PALETA --------
' ------ BEGIN PALETA --------
' ------ BEGIN PALETA --------
' ------ BEGIN PALETA --------
' ------ BEGIN PALETA --------
' ------ BEGIN PALETA --------
' ------ BEGIN PALETA --------
INK  0 , 0 
INK  1 , 24 
INK  2 , 20 
INK  3 , 6 
INK  4 , 26 
INK  5 , 0 
INK  6 , 2 
INK  7 , 8 
INK  8 , 10 
INK  9 , 12 
INK  10 , 14 
INK  11 , 16 
INK  12 , 18 
INK  13 , 22 
INK  14 , 0 
INK  15 , 11 
' ------ END PALETA --------
' ------ BEGIN PALETA --------
INK  0 , 0 
INK  1 , 24 
INK  2 , 20 
INK  3 , 6 
INK  4 , 26 
INK  5 , 0 
INK  6 , 2 
INK  7 , 8 
INK  8 , 10 
INK  9 , 12 
INK  10 , 14 
INK  11 , 16 
INK  12 , 18 
INK  13 , 22 
INK  14 , 0 
INK  15 , 11 
' ------ END PALETA --------
;------ BEGIN SPRITE --------
db 10 ; ancho
db 24 ; alto
db 0 , 0 , 0 , 0 , 5 , 10 , 0 , 0 , 0 , 0 
db 0 , 0 , 0 , 5 , 15 , 15 , 10 , 0 , 0 , 0 
db 0 , 0 , 0 , 5 , 15 , 15 , 10 , 0 , 0 , 0 
db 0 , 0 , 0 , 0 , 5 , 10 , 0 , 0 , 0 , 0 
db 0 , 0 , 0 , 51 , 5 , 10 , 51 , 0 , 0 , 0 
db 0 , 0 , 0 , 51 , 39 , 27 , 51 , 0 , 0 , 0 
db 0 , 0 , 0 , 51 , 5 , 10 , 51 , 0 , 0 , 0 
db 0 , 0 , 0 , 0 , 5 , 10 , 0 , 0 , 0 , 0 
db 0 , 0 , 0 , 0 , 15 , 15 , 0 , 0 , 0 , 0 
db 0 , 0 , 0 , 5 , 15 , 15 , 10 , 0 , 0 , 0 
db 0 , 0 , 0 , 17 , 27 , 39 , 34 , 0 , 0 , 0 
db 0 , 0 , 0 , 5 , 91 , 167 , 10 , 0 , 0 , 0 
db 0 , 0 , 0 , 5 , 115 , 179 , 10 , 0 , 0 , 0 
db 0 , 0 , 0 , 5 , 219 , 231 , 10 , 0 , 0 , 0 
db 0 , 0 , 0 , 5 , 219 , 231 , 10 , 0 , 0 , 0 
db 0 , 0 , 0 , 5 , 91 , 167 , 10 , 0 , 0 , 0 
db 0 , 0 , 51 , 34 , 91 , 167 , 17 , 51 , 0 , 0 
db 0 , 0 , 51 , 34 , 15 , 15 , 17 , 51 , 0 , 0 
db 0 , 0 , 51 , 51 , 15 , 15 , 51 , 51 , 0 , 0 
db 0 , 0 , 51 , 51 , 15 , 15 , 51 , 51 , 0 , 0 
db 0 , 0 , 51 , 103 , 27 , 39 , 155 , 51 , 0 , 0 
db 0 , 0 , 51 , 143 , 155 , 103 , 79 , 51 , 0 , 0 
db 0 , 0 , 0 , 15 , 15 , 15 , 15 , 0 , 0 , 0 
db 0 , 0 , 0 , 15 , 15 , 15 , 15 , 0 , 0 , 0 
;------ END SPRITE --------
' ------ BEGIN PALETA --------
INK  0 , 13 
INK  1 , 24 
INK  2 , 20 
INK  3 , 6 
INK  4 , 26 
INK  5 , 0 
INK  6 , 2 
INK  7 , 8 
INK  8 , 10 
INK  9 , 12 
INK  10 , 6 
INK  11 , 15 
INK  12 , 0 
INK  13 , 23 
INK  14 , 0 
INK  15 , 11 
' ------ END PALETA --------
;------ BEGIN SPRITE --------
db 6 ; ancho
db 16 ; alto
db 51 , 51 , 51 , 51 , 51 , 34 
db 115 , 243 , 243 , 243 , 243 , 243 
db 115 , 231 , 167 , 91 , 207 , 243 
db 115 , 219 , 143 , 167 , 219 , 219 
db 115 , 219 , 143 , 167 , 219 , 219 
db 115 , 231 , 167 , 91 , 207 , 243 
db 115 , 219 , 143 , 167 , 219 , 243 
db 115 , 219 , 143 , 167 , 219 , 243 
db 115 , 231 , 167 , 91 , 219 , 243 
db 115 , 243 , 243 , 243 , 243 , 243 
db 81 , 243 , 243 , 243 , 243 , 243 
db 0 , 115 , 0 , 0 , 115 , 0 
db 0 , 115 , 0 , 0 , 115 , 0 
db 0 , 115 , 0 , 0 , 115 , 0 
db 0 , 115 , 0 , 0 , 115 , 0 
db 0 , 115 , 0 , 0 , 115 , 0 
;------ END SPRITE --------
' ------ BEGIN PALETA --------
INK  0 , 12 
INK  1 , 5 
INK  2 , 20 
INK  3 , 6 
INK  4 , 26 
INK  5 , 0 
INK  6 , 2 
INK  7 , 8 
INK  8 , 10 
INK  9 , 12 
INK  10 , 6 
INK  11 , 15 
INK  12 , 0 
INK  13 , 23 
INK  14 , 0 
INK  15 , 11 
' ------ END PALETA --------
;------ BEGIN SPRITE --------
db 6 ; ancho
db 22 ; alto
db 63 , 63 , 63 , 63 , 63 , 63 
db 63 , 63 , 63 , 63 , 63 , 63 
db 63 , 63 , 63 , 63 , 63 , 63 
db 63 , 63 , 63 , 63 , 63 , 63 
db 63 , 63 , 63 , 63 , 63 , 63 
db 63 , 63 , 63 , 63 , 63 , 63 
db 51 , 51 , 51 , 51 , 51 , 34 
db 115 , 243 , 243 , 243 , 243 , 243 
db 115 , 231 , 167 , 91 , 207 , 243 
db 115 , 219 , 143 , 167 , 219 , 219 
db 115 , 219 , 143 , 167 , 219 , 219 
db 115 , 231 , 167 , 91 , 207 , 243 
db 115 , 219 , 143 , 167 , 219 , 243 
db 115 , 219 , 143 , 167 , 219 , 243 
db 115 , 231 , 167 , 91 , 219 , 243 
db 115 , 243 , 243 , 243 , 243 , 243 
db 81 , 243 , 243 , 243 , 243 , 243 
db 21 , 115 , 63 , 63 , 115 , 63 
db 63 , 115 , 63 , 63 , 115 , 63 
db 63 , 115 , 63 , 63 , 115 , 63 
db 63 , 115 , 63 , 63 , 115 , 63 
db 63 , 115 , 63 , 63 , 115 , 63 
;------ END SPRITE --------
;------ BEGIN SPRITE --------
db 24 ; ancho
db 48 ; alto
db 128 , 0 , 0 , 0 , 0 , 0 , 0 , 0 , 0 , 0 , 0 , 0 , 0 , 0 , 0 , 0 , 0 , 0 , 0 , 0 , 0 , 0 , 0 , 0 
db 128 , 0 , 0 , 0 , 0 , 0 , 0 , 0 , 0 , 0 , 0 , 0 , 0 , 0 , 0 , 0 , 0 , 0 , 0 , 0 , 0 , 0 , 0 , 0 
db 128 , 0 , 0 , 0 , 0 , 0 , 0 , 0 , 0 , 0 , 0 , 0 , 0 , 0 , 0 , 0 , 0 , 0 , 0 , 0 , 0 , 0 , 0 , 0 
db 128 , 0 , 0 , 0 , 0 , 0 , 0 , 0 , 0 , 0 , 0 , 0 , 0 , 0 , 0 , 0 , 0 , 0 , 0 , 0 , 0 , 0 , 0 , 0 
db 128 , 0 , 0 , 0 , 0 , 0 , 0 , 0 , 0 , 0 , 0 , 0 , 0 , 0 , 0 , 0 , 0 , 0 , 0 , 0 , 0 , 0 , 0 , 64 
db 128 , 0 , 0 , 0 , 0 , 0 , 0 , 0 , 0 , 0 , 0 , 0 , 0 , 0 , 0 , 0 , 0 , 0 , 0 , 0 , 0 , 0 , 0 , 0 
db 128 , 0 , 0 , 0 , 0 , 0 , 0 , 0 , 0 , 0 , 0 , 0 , 0 , 0 , 0 , 0 , 0 , 0 , 0 , 0 , 0 , 0 , 0 , 64 
db 128 , 0 , 0 , 0 , 0 , 0 , 0 , 0 , 0 , 0 , 0 , 0 , 0 , 0 , 0 , 0 , 0 , 0 , 0 , 0 , 0 , 0 , 0 , 64 
db 128 , 0 , 0 , 0 , 0 , 0 , 0 , 0 , 0 , 0 , 0 , 0 , 0 , 0 , 0 , 0 , 0 , 0 , 0 , 0 , 0 , 0 , 0 , 0 
db 128 , 0 , 0 , 0 , 0 , 0 , 0 , 0 , 0 , 0 , 0 , 0 , 0 , 0 , 0 , 0 , 0 , 0 , 0 , 0 , 0 , 0 , 0 , 0 
db 128 , 0 , 0 , 0 , 0 , 0 , 0 , 0 , 0 , 0 , 0 , 0 , 0 , 0 , 0 , 0 , 0 , 0 , 0 , 0 , 0 , 0 , 0 , 64 
db 128 , 0 , 0 , 0 , 0 , 0 , 0 , 0 , 0 , 0 , 0 , 0 , 0 , 0 , 0 , 0 , 0 , 0 , 0 , 0 , 0 , 0 , 0 , 0 
db 128 , 0 , 0 , 0 , 0 , 0 , 0 , 0 , 0 , 0 , 0 , 0 , 0 , 0 , 0 , 0 , 0 , 0 , 0 , 0 , 0 , 0 , 0 , 64 
db 128 , 0 , 0 , 0 , 0 , 0 , 0 , 0 , 0 , 0 , 0 , 0 , 0 , 0 , 0 , 0 , 0 , 0 , 0 , 0 , 0 , 0 , 0 , 0 
db 128 , 0 , 0 , 0 , 0 , 0 , 0 , 0 , 0 , 0 , 0 , 0 , 0 , 0 , 0 , 0 , 0 , 0 , 0 , 0 , 0 , 0 , 0 , 0 
db 128 , 0 , 0 , 0 , 0 , 0 , 0 , 0 , 0 , 0 , 0 , 0 , 0 , 0 , 0 , 0 , 0 , 0 , 0 , 0 , 0 , 0 , 0 , 64 
db 128 , 0 , 0 , 0 , 0 , 0 , 0 , 0 , 0 , 0 , 0 , 0 , 0 , 0 , 0 , 0 , 0 , 0 , 0 , 0 , 0 , 0 , 0 , 0 
db 128 , 0 , 0 , 0 , 0 , 0 , 0 , 0 , 0 , 0 , 0 , 0 , 0 , 0 , 0 , 0 , 0 , 0 , 0 , 0 , 0 , 0 , 0 , 0 
db 128 , 0 , 0 , 0 , 0 , 0 , 0 , 0 , 0 , 0 , 0 , 0 , 0 , 0 , 0 , 0 , 0 , 0 , 0 , 0 , 0 , 0 , 0 , 64 
db 128 , 0 , 0 , 0 , 0 , 0 , 0 , 0 , 0 , 0 , 0 , 0 , 0 , 0 , 0 , 0 , 0 , 0 , 0 , 0 , 0 , 0 , 0 , 0 
db 128 , 0 , 0 , 0 , 0 , 0 , 0 , 0 , 0 , 0 , 0 , 0 , 0 , 0 , 0 , 0 , 0 , 0 , 0 , 0 , 0 , 0 , 0 , 0 
db 128 , 0 , 0 , 0 , 0 , 0 , 0 , 0 , 0 , 0 , 0 , 0 , 0 , 0 , 0 , 0 , 0 , 0 , 0 , 0 , 0 , 0 , 0 , 64 
db 128 , 0 , 0 , 0 , 0 , 0 , 0 , 0 , 0 , 0 , 0 , 0 , 0 , 0 , 0 , 0 , 0 , 0 , 0 , 0 , 0 , 0 , 0 , 0 
db 128 , 0 , 0 , 0 , 0 , 0 , 0 , 0 , 0 , 0 , 0 , 0 , 0 , 0 , 0 , 0 , 0 , 0 , 0 , 0 , 0 , 0 , 0 , 0 
db 128 , 0 , 0 , 0 , 0 , 0 , 0 , 0 , 0 , 0 , 0 , 0 , 0 , 0 , 0 , 0 , 0 , 0 , 0 , 0 , 0 , 0 , 0 , 64 
db 128 , 0 , 0 , 0 , 0 , 0 , 0 , 0 , 0 , 0 , 0 , 0 , 0 , 0 , 0 , 0 , 0 , 0 , 0 , 0 , 0 , 0 , 0 , 0 
db 128 , 0 , 0 , 0 , 0 , 0 , 0 , 0 , 0 , 0 , 0 , 0 , 0 , 0 , 0 , 0 , 0 , 0 , 0 , 0 , 0 , 0 , 0 , 0 
db 128 , 0 , 0 , 0 , 0 , 0 , 0 , 0 , 0 , 0 , 0 , 0 , 0 , 0 , 0 , 0 , 0 , 0 , 0 , 0 , 0 , 0 , 0 , 0 
db 128 , 0 , 0 , 0 , 0 , 0 , 0 , 0 , 0 , 0 , 0 , 0 , 0 , 0 , 0 , 0 , 0 , 0 , 0 , 0 , 0 , 0 , 0 , 64 
db 128 , 0 , 0 , 0 , 0 , 0 , 0 , 0 , 0 , 0 , 0 , 0 , 0 , 0 , 0 , 0 , 0 , 0 , 0 , 0 , 0 , 0 , 0 , 0 
db 128 , 0 , 0 , 0 , 0 , 0 , 0 , 0 , 0 , 0 , 0 , 0 , 0 , 0 , 0 , 0 , 0 , 0 , 0 , 0 , 0 , 0 , 0 , 0 
db 128 , 0 , 0 , 0 , 0 , 0 , 0 , 0 , 0 , 0 , 0 , 0 , 0 , 0 , 0 , 0 , 0 , 0 , 0 , 0 , 0 , 0 , 0 , 0 
db 128 , 0 , 0 , 0 , 0 , 0 , 0 , 0 , 0 , 0 , 0 , 0 , 0 , 0 , 0 , 0 , 0 , 0 , 0 , 0 , 0 , 0 , 0 , 64 
db 128 , 0 , 0 , 0 , 0 , 0 , 0 , 0 , 0 , 0 , 0 , 0 , 0 , 0 , 0 , 0 , 0 , 0 , 0 , 0 , 0 , 0 , 0 , 0 
db 128 , 0 , 0 , 0 , 0 , 0 , 0 , 0 , 0 , 0 , 0 , 0 , 0 , 0 , 0 , 0 , 0 , 0 , 0 , 0 , 0 , 0 , 0 , 0 
db 128 , 0 , 0 , 0 , 0 , 0 , 0 , 0 , 0 , 0 , 0 , 0 , 0 , 0 , 0 , 0 , 0 , 0 , 0 , 0 , 0 , 0 , 0 , 64 
db 128 , 0 , 0 , 0 , 0 , 0 , 0 , 0 , 0 , 0 , 0 , 0 , 0 , 0 , 0 , 0 , 0 , 0 , 0 , 0 , 0 , 0 , 0 , 0 
db 128 , 0 , 0 , 0 , 0 , 0 , 0 , 0 , 0 , 0 , 0 , 0 , 0 , 0 , 0 , 0 , 0 , 0 , 0 , 0 , 0 , 0 , 0 , 0 
db 128 , 0 , 0 , 0 , 0 , 0 , 0 , 0 , 0 , 0 , 0 , 0 , 0 , 0 , 0 , 0 , 0 , 0 , 0 , 0 , 0 , 0 , 0 , 64 
db 128 , 0 , 0 , 0 , 0 , 0 , 0 , 0 , 0 , 0 , 0 , 0 , 0 , 0 , 0 , 0 , 0 , 0 , 0 , 0 , 0 , 0 , 0 , 0 
db 128 , 0 , 0 , 0 , 0 , 0 , 0 , 0 , 0 , 0 , 0 , 0 , 0 , 0 , 0 , 0 , 0 , 0 , 0 , 0 , 0 , 0 , 0 , 0 
db 128 , 0 , 0 , 0 , 0 , 0 , 0 , 0 , 0 , 0 , 0 , 0 , 0 , 0 , 0 , 0 , 0 , 0 , 0 , 0 , 0 , 0 , 0 , 64 
db 128 , 0 , 0 , 0 , 0 , 0 , 0 , 0 , 0 , 0 , 0 , 0 , 0 , 0 , 0 , 0 , 0 , 0 , 0 , 0 , 0 , 0 , 0 , 0 
db 128 , 0 , 0 , 0 , 0 , 0 , 0 , 0 , 0 , 0 , 0 , 0 , 0 , 0 , 0 , 0 , 0 , 0 , 0 , 0 , 0 , 0 , 0 , 0 
db 128 , 0 , 0 , 0 , 0 , 0 , 0 , 0 , 0 , 0 , 0 , 0 , 0 , 0 , 0 , 0 , 0 , 0 , 0 , 0 , 0 , 0 , 0 , 64 
db 128 , 0 , 0 , 0 , 0 , 0 , 0 , 0 , 0 , 0 , 0 , 0 , 0 , 0 , 0 , 0 , 0 , 0 , 0 , 0 , 0 , 0 , 0 , 0 
db 128 , 0 , 0 , 0 , 0 , 0 , 0 , 0 , 0 , 0 , 0 , 0 , 0 , 0 , 0 , 0 , 0 , 0 , 0 , 0 , 0 , 0 , 0 , 0 
db 128 , 0 , 0 , 0 , 0 , 0 , 0 , 0 , 0 , 0 , 0 , 0 , 0 , 0 , 0 , 0 , 0 , 0 , 0 , 0 , 0 , 0 , 0 , 64 
;------ END SPRITE --------
;------ BEGIN SPRITE --------
db 24 ; ancho
db 48 ; alto
db 0 , 192 , 192 , 0 , 64 , 192 , 192 , 0 , 64 , 192 , 192 , 0 , 64 , 192 , 192 , 0 , 64 , 192 , 192 , 0 , 64 , 192 , 192 , 0 
db 0 , 192 , 192 , 0 , 64 , 0 , 64 , 0 , 64 , 128 , 64 , 0 , 64 , 0 , 64 , 0 , 64 , 0 , 64 , 0 , 64 , 0 , 64 , 0 
db 0 , 192 , 192 , 0 , 64 , 0 , 64 , 0 , 64 , 0 , 64 , 0 , 64 , 0 , 64 , 0 , 64 , 0 , 64 , 0 , 64 , 0 , 64 , 0 
db 0 , 192 , 192 , 192 , 192 , 0 , 64 , 192 , 192 , 0 , 64 , 192 , 192 , 0 , 64 , 192 , 192 , 0 , 0 , 192 , 192 , 64 , 64 , 0 
db 0 , 192 , 192 , 128 , 0 , 0 , 0 , 0 , 0 , 0 , 0 , 0 , 0 , 0 , 0 , 0 , 0 , 0 , 0 , 128 , 0 , 0 , 64 , 0 
db 0 , 192 , 192 , 128 , 128 , 128 , 64 , 128 , 64 , 128 , 64 , 0 , 64 , 0 , 0 , 128 , 128 , 64 , 64 , 128 , 128 , 64 , 64 , 0 
db 0 , 128 , 0 , 0 , 0 , 0 , 0 , 0 , 0 , 0 , 0 , 0 , 0 , 0 , 0 , 0 , 0 , 0 , 0 , 0 , 0 , 0 , 64 , 0 
db 0 , 128 , 0 , 0 , 0 , 0 , 0 , 0 , 0 , 0 , 0 , 0 , 0 , 0 , 0 , 0 , 0 , 0 , 0 , 0 , 0 , 64 , 64 , 0 
db 0 , 128 , 0 , 0 , 0 , 0 , 0 , 0 , 0 , 0 , 0 , 0 , 0 , 0 , 0 , 0 , 0 , 0 , 0 , 0 , 0 , 0 , 64 , 0 
db 0 , 128 , 0 , 0 , 0 , 0 , 0 , 0 , 0 , 0 , 0 , 0 , 0 , 0 , 0 , 0 , 0 , 0 , 64 , 0 , 0 , 0 , 64 , 0 
db 0 , 128 , 64 , 0 , 0 , 128 , 0 , 0 , 128 , 0 , 64 , 0 , 0 , 128 , 0 , 64 , 128 , 0 , 128 , 0 , 128 , 0 , 64 , 0 
db 0 , 128 , 0 , 0 , 0 , 0 , 0 , 0 , 0 , 0 , 0 , 0 , 0 , 0 , 0 , 0 , 0 , 0 , 0 , 0 , 0 , 64 , 64 , 0 
db 0 , 128 , 0 , 0 , 0 , 0 , 0 , 0 , 0 , 0 , 0 , 0 , 0 , 0 , 0 , 0 , 0 , 0 , 64 , 0 , 0 , 0 , 64 , 0 
db 0 , 128 , 0 , 0 , 0 , 128 , 64 , 0 , 0 , 128 , 0 , 128 , 0 , 128 , 0 , 0 , 128 , 0 , 0 , 0 , 0 , 0 , 64 , 0 
db 0 , 128 , 0 , 0 , 0 , 0 , 0 , 0 , 0 , 0 , 0 , 0 , 0 , 0 , 0 , 0 , 0 , 0 , 0 , 0 , 0 , 64 , 64 , 0 
db 0 , 0 , 0 , 0 , 0 , 0 , 0 , 0 , 0 , 0 , 0 , 0 , 0 , 0 , 0 , 0 , 0 , 0 , 64 , 0 , 128 , 0 , 64 , 0 
db 0 , 128 , 0 , 0 , 0 , 0 , 0 , 0 , 0 , 0 , 0 , 0 , 0 , 0 , 0 , 0 , 0 , 0 , 128 , 0 , 0 , 0 , 64 , 0 
db 0 , 0 , 0 , 0 , 0 , 0 , 0 , 0 , 0 , 0 , 0 , 0 , 0 , 0 , 0 , 0 , 0 , 0 , 0 , 0 , 0 , 0 , 64 , 0 
db 0 , 0 , 64 , 0 , 64 , 0 , 0 , 128 , 0 , 64 , 0 , 0 , 128 , 0 , 128 , 0 , 64 , 0 , 64 , 0 , 0 , 64 , 64 , 0 
db 0 , 128 , 0 , 0 , 0 , 0 , 0 , 0 , 0 , 0 , 0 , 0 , 0 , 0 , 0 , 0 , 0 , 0 , 0 , 0 , 0 , 0 , 64 , 0 
db 0 , 0 , 0 , 0 , 0 , 0 , 0 , 0 , 0 , 0 , 0 , 0 , 0 , 0 , 0 , 0 , 0 , 0 , 0 , 0 , 0 , 0 , 64 , 0 
db 0 , 0 , 0 , 0 , 0 , 0 , 0 , 0 , 0 , 0 , 0 , 0 , 0 , 0 , 0 , 0 , 0 , 0 , 64 , 0 , 0 , 0 , 64 , 0 
db 0 , 128 , 0 , 0 , 0 , 0 , 0 , 0 , 0 , 0 , 0 , 0 , 0 , 0 , 0 , 0 , 0 , 0 , 0 , 0 , 0 , 0 , 64 , 0 
db 0 , 0 , 64 , 0 , 0 , 128 , 0 , 64 , 0 , 64 , 0 , 0 , 128 , 0 , 128 , 0 , 0 , 128 , 0 , 64 , 0 , 64 , 64 , 0 
db 0 , 0 , 0 , 0 , 0 , 0 , 0 , 0 , 0 , 0 , 0 , 0 , 0 , 0 , 0 , 0 , 0 , 0 , 0 , 0 , 0 , 0 , 64 , 0 
db 0 , 128 , 0 , 0 , 0 , 0 , 0 , 0 , 0 , 0 , 0 , 0 , 0 , 0 , 0 , 0 , 0 , 0 , 0 , 0 , 0 , 0 , 64 , 0 
db 0 , 0 , 0 , 0 , 0 , 0 , 0 , 0 , 0 , 0 , 0 , 0 , 0 , 0 , 0 , 0 , 0 , 0 , 64 , 0 , 0 , 0 , 64 , 0 
db 0 , 128 , 0 , 0 , 0 , 0 , 0 , 0 , 0 , 0 , 0 , 0 , 0 , 0 , 0 , 0 , 0 , 0 , 0 , 0 , 0 , 64 , 64 , 0 
db 0 , 0 , 64 , 0 , 0 , 128 , 0 , 64 , 0 , 0 , 128 , 0 , 64 , 0 , 0 , 128 , 0 , 64 , 0 , 0 , 128 , 0 , 64 , 0 
db 0 , 0 , 0 , 0 , 0 , 0 , 0 , 0 , 0 , 0 , 0 , 0 , 0 , 0 , 0 , 0 , 0 , 0 , 0 , 0 , 0 , 0 , 64 , 0 
db 0 , 128 , 0 , 0 , 0 , 0 , 0 , 0 , 0 , 0 , 0 , 0 , 0 , 0 , 0 , 0 , 0 , 0 , 64 , 0 , 0 , 64 , 64 , 0 
db 0 , 0 , 0 , 0 , 0 , 0 , 0 , 0 , 0 , 0 , 0 , 0 , 0 , 0 , 0 , 0 , 0 , 0 , 0 , 0 , 0 , 0 , 64 , 0 
db 0 , 0 , 0 , 0 , 0 , 0 , 0 , 0 , 0 , 0 , 0 , 0 , 0 , 0 , 0 , 0 , 0 , 0 , 0 , 0 , 0 , 0 , 64 , 0 
db 0 , 0 , 64 , 0 , 0 , 128 , 0 , 64 , 0 , 0 , 128 , 0 , 64 , 0 , 64 , 0 , 0 , 64 , 0 , 0 , 128 , 0 , 64 , 0 
db 0 , 128 , 0 , 0 , 0 , 0 , 0 , 0 , 0 , 0 , 0 , 0 , 0 , 0 , 0 , 0 , 0 , 0 , 0 , 0 , 0 , 64 , 64 , 0 
db 0 , 0 , 0 , 0 , 0 , 0 , 0 , 0 , 0 , 0 , 0 , 0 , 0 , 0 , 0 , 0 , 0 , 0 , 64 , 0 , 0 , 0 , 64 , 0 
db 0 , 0 , 0 , 0 , 0 , 0 , 0 , 0 , 0 , 0 , 0 , 0 , 0 , 0 , 0 , 0 , 0 , 0 , 0 , 0 , 0 , 0 , 64 , 0 
db 0 , 0 , 0 , 0 , 0 , 0 , 0 , 0 , 0 , 0 , 0 , 0 , 0 , 0 , 0 , 0 , 0 , 0 , 0 , 0 , 0 , 0 , 64 , 0 
db 0 , 128 , 0 , 128 , 0 , 128 , 0 , 64 , 0 , 0 , 64 , 0 , 0 , 128 , 0 , 128 , 0 , 64 , 0 , 0 , 128 , 0 , 64 , 0 
db 0 , 0 , 0 , 0 , 0 , 0 , 0 , 0 , 0 , 0 , 0 , 0 , 0 , 0 , 0 , 0 , 0 , 0 , 64 , 0 , 0 , 64 , 64 , 0 
db 0 , 128 , 0 , 0 , 0 , 0 , 0 , 0 , 0 , 0 , 0 , 0 , 0 , 0 , 0 , 0 , 0 , 0 , 0 , 0 , 0 , 0 , 64 , 0 
db 0 , 0 , 0 , 0 , 0 , 0 , 0 , 0 , 0 , 0 , 0 , 0 , 0 , 0 , 0 , 0 , 0 , 0 , 0 , 0 , 0 , 0 , 64 , 0 
db 0 , 128 , 0 , 0 , 0 , 0 , 0 , 0 , 0 , 0 , 0 , 0 , 0 , 0 , 0 , 0 , 0 , 0 , 0 , 0 , 0 , 0 , 64 , 0 
db 0 , 0 , 0 , 128 , 0 , 64 , 0 , 64 , 0 , 0 , 128 , 0 , 64 , 0 , 64 , 0 , 64 , 0 , 64 , 64 , 0 , 64 , 64 , 0 
db 0 , 0 , 0 , 0 , 0 , 0 , 0 , 0 , 0 , 0 , 0 , 0 , 0 , 0 , 0 , 0 , 0 , 0 , 0 , 0 , 0 , 0 , 64 , 0 
db 0 , 128 , 0 , 0 , 0 , 0 , 0 , 0 , 0 , 0 , 0 , 0 , 0 , 0 , 0 , 0 , 0 , 0 , 0 , 0 , 0 , 0 , 64 , 0 
db 0 , 0 , 0 , 0 , 0 , 0 , 0 , 0 , 0 , 0 , 0 , 0 , 0 , 0 , 0 , 0 , 0 , 0 , 0 , 0 , 0 , 0 , 64 , 0 
db 0 , 128 , 0 , 64 , 0 , 64 , 0 , 128 , 0 , 128 , 0 , 128 , 64 , 0 , 0 , 128 , 0 , 64 , 64 , 64 , 0 , 64 , 192 , 0 
;------ END SPRITE --------
;------ BEGIN SPRITE --------
db 24 ; ancho
db 48 ; alto
db 0 , 192 , 192 , 0 , 64 , 192 , 192 , 0 , 64 , 192 , 192 , 0 , 64 , 192 , 192 , 0 , 64 , 192 , 192 , 0 , 64 , 192 , 192 , 0 
db 0 , 192 , 192 , 0 , 64 , 0 , 64 , 0 , 64 , 128 , 64 , 0 , 64 , 0 , 64 , 0 , 64 , 0 , 64 , 0 , 64 , 0 , 192 , 0 
db 0 , 192 , 192 , 0 , 64 , 0 , 64 , 0 , 64 , 0 , 64 , 0 , 64 , 0 , 64 , 0 , 64 , 0 , 64 , 0 , 64 , 0 , 192 , 0 
db 0 , 192 , 192 , 192 , 192 , 0 , 64 , 192 , 192 , 0 , 64 , 192 , 192 , 0 , 64 , 192 , 192 , 0 , 0 , 192 , 192 , 64 , 64 , 0 
db 0 , 192 , 192 , 128 , 0 , 0 , 0 , 0 , 0 , 0 , 0 , 0 , 0 , 0 , 0 , 0 , 0 , 0 , 0 , 128 , 0 , 64 , 192 , 0 
db 0 , 192 , 192 , 128 , 128 , 128 , 64 , 128 , 64 , 128 , 64 , 0 , 64 , 0 , 0 , 128 , 128 , 64 , 64 , 128 , 128 , 64 , 192 , 0 
db 0 , 192 , 128 , 0 , 0 , 0 , 0 , 0 , 0 , 0 , 0 , 0 , 0 , 0 , 0 , 0 , 0 , 0 , 0 , 0 , 0 , 0 , 192 , 0 
db 0 , 192 , 0 , 0 , 0 , 0 , 0 , 0 , 0 , 0 , 0 , 0 , 0 , 0 , 0 , 0 , 0 , 0 , 0 , 0 , 0 , 64 , 192 , 0 
db 0 , 192 , 0 , 0 , 0 , 0 , 0 , 0 , 0 , 0 , 0 , 0 , 0 , 0 , 0 , 0 , 0 , 0 , 0 , 0 , 0 , 64 , 64 , 0 
db 0 , 192 , 128 , 64 , 128 , 64 , 0 , 64 , 0 , 128 , 0 , 128 , 64 , 0 , 128 , 64 , 0 , 128 , 64 , 128 , 0 , 128 , 192 , 0 
db 0 , 192 , 192 , 128 , 0 , 128 , 0 , 128 , 192 , 0 , 64 , 0 , 128 , 192 , 0 , 192 , 192 , 0 , 128 , 0 , 128 , 0 , 192 , 0 
db 0 , 192 , 0 , 64 , 0 , 64 , 0 , 128 , 0 , 128 , 0 , 128 , 64 , 0 , 128 , 64 , 0 , 64 , 0 , 64 , 0 , 64 , 64 , 0 
db 0 , 192 , 192 , 64 , 0 , 0 , 0 , 0 , 0 , 0 , 0 , 0 , 0 , 0 , 0 , 0 , 0 , 0 , 64 , 0 , 0 , 0 , 192 , 0 
db 0 , 192 , 128 , 128 , 192 , 128 , 192 , 0 , 128 , 192 , 64 , 128 , 192 , 192 , 128 , 192 , 192 , 64 , 128 , 64 , 0 , 192 , 192 ,
 0 
db 0 , 192 , 0 , 128 , 0 , 128 , 64 , 0 , 128 , 64 , 0 , 128 , 64 , 0 , 128 , 64 , 0 , 128 , 64 , 0 , 128 , 64 , 192 , 0 
db 0 , 192 , 192 , 64 , 0 , 0 , 0 , 0 , 0 , 0 , 0 , 0 , 0 , 0 , 0 , 0 , 0 , 0 , 64 , 0 , 128 , 0 , 64 , 0 
db 0 , 192 , 128 , 0 , 128 , 0 , 0 , 0 , 64 , 0 , 64 , 0 , 64 , 0 , 64 , 0 , 128 , 0 , 192 , 0 , 64 , 0 , 192 , 0 
db 0 , 192 , 64 , 64 , 0 , 64 , 0 , 64 , 0 , 64 , 0 , 64 , 0 , 64 , 0 , 128 , 0 , 128 , 128 , 0 , 0 , 64 , 192 , 0 
db 0 , 192 , 192 , 64 , 64 , 0 , 0 , 192 , 0 , 192 , 0 , 0 , 128 , 0 , 128 , 0 , 64 , 0 , 64 , 0 , 0 , 64 , 192 , 0 
db 0 , 192 , 128 , 0 , 128 , 0 , 64 , 0 , 64 , 0 , 0 , 128 , 0 , 128 , 128 , 128 , 0 , 128 , 0 , 128 , 0 , 128 , 192 , 0 
db 0 , 192 , 192 , 0 , 128 , 0 , 0 , 0 , 0 , 0 , 0 , 0 , 0 , 0 , 0 , 0 , 0 , 0 , 0 , 0 , 0 , 64 , 192 , 0 
db 0 , 192 , 128 , 64 , 0 , 0 , 0 , 64 , 192 , 128 , 192 , 192 , 64 , 64 , 0 , 0 , 0 , 0 , 64 , 0 , 0 , 0 , 192 , 0 
db 0 , 192 , 0 , 0 , 128 , 0 , 0 , 64 , 128 , 64 , 0 , 0 , 0 , 0 , 128 , 0 , 0 , 0 , 0 , 0 , 0 , 0 , 192 , 0 
db 0 , 192 , 192 , 0 , 0 , 128 , 0 , 64 , 0 , 64 , 0 , 128 , 128 , 0 , 128 , 128 , 0 , 128 , 0 , 64 , 0 , 64 , 192 , 0 
db 0 , 192 , 128 , 0 , 0 , 0 , 0 , 128 , 0 , 0 , 0 , 0 , 0 , 0 , 0 , 0 , 0 , 0 , 0 , 0 , 0 , 64 , 192 , 0 
db 0 , 192 , 128 , 64 , 128 , 0 , 128 , 192 , 128 , 0 , 0 , 0 , 0 , 0 , 64 , 128 , 0 , 0 , 0 , 0 , 0 , 0 , 192 , 0 
db 0 , 192 , 192 , 0 , 0 , 0 , 0 , 64 , 0 , 0 , 0 , 128 , 0 , 0 , 0 , 0 , 0 , 0 , 64 , 0 , 0 , 0 , 192 , 0 
db 0 , 192 , 128 , 64 , 128 , 0 , 0 , 0 , 0 , 0 , 0 , 0 , 0 , 0 , 64 , 128 , 0 , 0 , 0 , 0 , 0 , 64 , 192 , 0 
db 0 , 192 , 192 , 0 , 0 , 128 , 128 , 64 , 128 , 0 , 128 , 128 , 64 , 0 , 64 , 128 , 0 , 64 , 0 , 0 , 128 , 64 , 192 , 0 
db 0 , 192 , 192 , 0 , 128 , 0 , 0 , 64 , 0 , 0 , 0 , 0 , 0 , 0 , 0 , 0 , 0 , 0 , 0 , 0 , 0 , 0 , 192 , 0 
db 0 , 192 , 128 , 64 , 0 , 0 , 0 , 0 , 0 , 0 , 0 , 0 , 0 , 0 , 64 , 128 , 0 , 0 , 64 , 0 , 0 , 64 , 64 , 0 
db 0 , 128 , 0 , 0 , 128 , 0 , 128 , 0 , 128 , 0 , 0 , 128 , 0 , 0 , 64 , 0 , 0 , 0 , 0 , 0 , 0 , 64 , 192 , 0 
db 0 , 192 , 64 , 64 , 0 , 0 , 0 , 64 , 0 , 0 , 0 , 0 , 0 , 0 , 0 , 0 , 0 , 0 , 0 , 0 , 0 , 0 , 192 , 0 
db 0 , 192 , 192 , 64 , 128 , 128 , 0 , 64 , 0 , 0 , 128 , 0 , 64 , 0 , 64 , 128 , 0 , 64 , 0 , 0 , 128 , 0 , 64 , 0 
db 0 , 128 , 128 , 0 , 0 , 0 , 128 , 64 , 128 , 0 , 0 , 128 , 0 , 0 , 64 , 0 , 0 , 0 , 0 , 0 , 0 , 64 , 192 , 0 
db 0 , 128 , 192 , 0 , 0 , 0 , 0 , 0 , 0 , 0 , 0 , 0 , 0 , 0 , 0 , 0 , 0 , 0 , 64 , 0 , 0 , 0 , 192 , 0 
db 0 , 192 , 128 , 64 , 128 , 0 , 0 , 0 , 128 , 0 , 0 , 128 , 0 , 0 , 64 , 128 , 0 , 0 , 0 , 0 , 0 , 0 , 192 , 0 
db 0 , 128 , 0 , 0 , 0 , 0 , 128 , 64 , 0 , 0 , 0 , 0 , 0 , 0 , 64 , 0 , 0 , 0 , 0 , 0 , 0 , 64 , 192 , 0 
db 0 , 192 , 192 , 128 , 0 , 128 , 0 , 64 , 0 , 0 , 64 , 0 , 0 , 128 , 0 , 128 , 0 , 64 , 0 , 0 , 128 , 0 , 192 , 0 
db 0 , 192 , 128 , 64 , 128 , 0 , 0 , 0 , 128 , 0 , 0 , 128 , 0 , 0 , 64 , 0 , 0 , 0 , 64 , 0 , 0 , 64 , 64 , 0 
db 0 , 192 , 0 , 64 , 0 , 0 , 128 , 64 , 0 , 0 , 0 , 0 , 0 , 0 , 64 , 128 , 0 , 0 , 0 , 0 , 0 , 64 , 192 , 0 
db 0 , 192 , 128 , 0 , 128 , 0 , 0 , 64 , 128 , 0 , 0 , 0 , 0 , 0 , 0 , 128 , 0 , 0 , 0 , 0 , 0 , 0 , 192 , 0 
db 0 , 192 , 192 , 64 , 0 , 0 , 0 , 0 , 0 , 0 , 0 , 128 , 0 , 0 , 0 , 0 , 0 , 0 , 0 , 0 , 0 , 0 , 64 , 0 
db 0 , 128 , 0 , 128 , 0 , 64 , 0 , 64 , 0 , 0 , 128 , 0 , 64 , 0 , 64 , 128 , 64 , 0 , 64 , 64 , 0 , 64 , 192 , 0 
db 0 , 192 , 128 , 64 , 128 , 0 , 128 , 64 , 128 , 0 , 0 , 0 , 0 , 0 , 0 , 0 , 0 , 0 , 0 , 0 , 64 , 64 , 192 , 0 
db 0 , 192 , 192 , 0 , 0 , 0 , 0 , 0 , 0 , 0 , 0 , 128 , 0 , 0 , 0 , 0 , 0 , 0 , 0 , 0 , 0 , 0 , 64 , 0 
db 0 , 192 , 0 , 0 , 0 , 0 , 0 , 0 , 0 , 0 , 0 , 0 , 0 , 0 , 64 , 128 , 0 , 0 , 0 , 0 , 0 , 64 , 192 , 0 
db 0 , 192 , 192 , 64 , 128 , 64 , 128 , 192 , 128 , 128 , 0 , 128 , 64 , 0 , 64 , 128 , 0 , 64 , 64 , 64 , 64 , 64 , 192 , 0 
;------ END SPRITE --------
;------ BEGIN SPRITE --------
db 24 ; ancho
db 48 ; alto
db 0 , 192 , 192 , 0 , 64 , 192 , 192 , 0 , 64 , 192 , 192 , 0 , 0 , 192 , 192 , 128 , 0 , 192 , 192 , 128 , 0 , 192 , 192 , 0 
db 0 , 128 , 192 , 0 , 0 , 192 , 192 , 0 , 0 , 192 , 192 , 0 , 0 , 192 , 192 , 0 , 0 , 192 , 192 , 0 , 0 , 192 , 64 , 0 
db 0 , 64 , 192 , 0 , 64 , 64 , 192 , 0 , 64 , 64 , 192 , 0 , 0 , 192 , 128 , 128 , 0 , 192 , 128 , 128 , 0 , 192 , 128 , 0 
db 0 , 128 , 192 , 192 , 128 , 192 , 192 , 192 , 128 , 192 , 192 , 192 , 192 , 192 , 192 , 64 , 192 , 192 , 192 , 64 , 192 , 192 ,
 64 , 0 
db 0 , 64 , 64 , 64 , 64 , 64 , 64 , 64 , 64 , 64 , 192 , 192 , 192 , 192 , 128 , 128 , 128 , 128 , 128 , 128 , 128 , 128 , 128 , 0 
db 0 , 128 , 128 , 128 , 128 , 128 , 128 , 128 , 128 , 192 , 192 , 192 , 192 , 192 , 192 , 64 , 64 , 64 , 64 , 64 , 64 , 64 , 64 ,
 0 
db 0 , 0 , 0 , 0 , 0 , 0 , 0 , 0 , 0 , 0 , 0 , 0 , 0 , 0 , 0 , 0 , 0 , 0 , 0 , 0 , 0 , 0 , 0 , 0 
db 0 , 192 , 192 , 192 , 64 , 128 , 128 , 192 , 64 , 64 , 128 , 192 , 192 , 64 , 128 , 128 , 192 , 64 , 64 , 128 , 192 , 192 , 192 ,
 0 
db 0 , 192 , 128 , 192 , 128 , 64 , 192 , 0 , 192 , 128 , 64 , 192 , 192 , 128 , 64 , 192 , 0 , 192 , 128 , 64 , 192 , 64 , 192 , 0 
db 0 , 192 , 128 , 192 , 192 , 192 , 192 , 192 , 192 , 192 , 192 , 192 , 192 , 192 , 192 , 192 , 192 , 192 , 192 , 192 , 192 , 64 ,
 192 , 0 
db 0 , 192 , 64 , 192 , 192 , 192 , 192 , 192 , 192 , 192 , 192 , 192 , 192 , 192 , 192 , 192 , 192 , 192 , 192 , 192 , 192 , 128 ,
 192 , 0 
db 0 , 0 , 192 , 192 , 192 , 192 , 192 , 192 , 192 , 192 , 192 , 192 , 192 , 192 , 192 , 192 , 192 , 192 , 192 , 192 , 192 , 192 ,
 0 , 0 
db 0 , 192 , 64 , 128 , 64 , 192 , 192 , 192 , 192 , 192 , 192 , 192 , 192 , 192 , 192 , 192 , 192 , 192 , 192 , 128 , 64 , 128 ,
 192 , 0 
db 0 , 192 , 0 , 64 , 192 , 192 , 192 , 192 , 192 , 192 , 192 , 192 , 192 , 192 , 192 , 192 , 192 , 192 , 192 , 192 , 128 , 0 , 192 
, 0 
db 0 , 192 , 64 , 192 , 192 , 192 , 192 , 192 , 192 , 192 , 192 , 192 , 192 , 192 , 192 , 192 , 192 , 192 , 192 , 192 , 192 , 128 ,
 192 , 0 
db 0 , 0 , 192 , 192 , 192 , 192 , 192 , 192 , 64 , 192 , 192 , 192 , 192 , 192 , 192 , 128 , 192 , 192 , 192 , 192 , 192 , 192 , 0 
, 0 
db 0 , 192 , 64 , 192 , 192 , 192 , 192 , 192 , 128 , 0 , 64 , 192 , 192 , 128 , 0 , 64 , 192 , 192 , 192 , 192 , 192 , 128 , 192 ,
 0 
db 0 , 192 , 128 , 192 , 192 , 192 , 192 , 192 , 192 , 192 , 128 , 192 , 192 , 64 , 192 , 192 , 192 , 192 , 192 , 192 , 192 , 64 ,
 192 , 0 
db 0 , 192 , 128 , 192 , 192 , 192 , 192 , 192 , 192 , 192 , 192 , 0 , 0 , 192 , 192 , 192 , 192 , 192 , 192 , 192 , 192 , 64 , 192 
, 0 
db 0 , 192 , 128 , 192 , 192 , 192 , 192 , 192 , 192 , 192 , 128 , 192 , 192 , 64 , 192 , 192 , 192 , 192 , 192 , 192 , 192 , 64 ,
 192 , 0 
db 0 , 192 , 128 , 0 , 192 , 192 , 192 , 0 , 192 , 128 , 64 , 192 , 192 , 128 , 64 , 192 , 0 , 192 , 192 , 192 , 0 , 64 , 192 , 0 
db 0 , 192 , 64 , 192 , 64 , 64 , 128 , 192 , 64 , 64 , 64 , 192 , 192 , 128 , 128 , 128 , 192 , 64 , 128 , 128 , 192 , 128 , 192 ,
 0 
db 0 , 0 , 192 , 192 , 128 , 192 , 192 , 192 , 128 , 192 , 128 , 0 , 0 , 64 , 192 , 64 , 192 , 192 , 192 , 64 , 192 , 192 , 0 , 0 
db 0 , 192 , 64 , 192 , 192 , 192 , 192 , 192 , 128 , 192 , 64 , 64 , 128 , 128 , 192 , 64 , 192 , 192 , 192 , 192 , 192 , 128 ,
 192 , 0 
db 0 , 192 , 64 , 192 , 192 , 192 , 192 , 192 , 0 , 128 , 128 , 192 , 192 , 64 , 64 , 0 , 192 , 192 , 192 , 192 , 192 , 128 , 192 ,
 0 
db 0 , 0 , 192 , 192 , 192 , 192 , 192 , 128 , 192 , 64 , 64 , 64 , 128 , 128 , 128 , 192 , 64 , 192 , 192 , 192 , 192 , 192 , 0 ,
 0 
db 0 , 192 , 64 , 192 , 192 , 192 , 192 , 128 , 192 , 0 , 128 , 192 , 192 , 64 , 0 , 192 , 64 , 192 , 192 , 192 , 192 , 128 , 192 ,
 0 
db 0 , 192 , 128 , 192 , 192 , 64 , 192 , 64 , 128 , 64 , 64 , 64 , 128 , 128 , 128 , 64 , 128 , 192 , 128 , 192 , 192 , 64 , 192 ,
 0 
db 0 , 192 , 128 , 192 , 0 , 192 , 192 , 64 , 128 , 128 , 128 , 192 , 192 , 64 , 64 , 64 , 128 , 192 , 192 , 0 , 192 , 64 , 192 , 0 
db 0 , 192 , 128 , 0 , 192 , 192 , 192 , 64 , 128 , 64 , 64 , 64 , 128 , 128 , 128 , 64 , 128 , 192 , 192 , 192 , 0 , 64 , 192 , 0 
db 0 , 192 , 128 , 192 , 0 , 192 , 192 , 128 , 0 , 128 , 128 , 192 , 192 , 64 , 64 , 0 , 64 , 192 , 192 , 0 , 192 , 64 , 192 , 0 
db 0 , 192 , 64 , 192 , 192 , 64 , 192 , 128 , 128 , 0 , 64 , 64 , 128 , 128 , 0 , 64 , 64 , 192 , 128 , 192 , 192 , 128 , 192 , 0 
db 0 , 0 , 192 , 192 , 192 , 192 , 192 , 128 , 128 , 128 , 128 , 192 , 192 , 64 , 64 , 64 , 64 , 192 , 192 , 192 , 192 , 192 , 0 ,
 0 
db 0 , 192 , 64 , 192 , 192 , 192 , 192 , 128 , 128 , 64 , 64 , 0 , 0 , 128 , 128 , 64 , 64 , 192 , 192 , 192 , 192 , 128 , 192 , 0 
db 0 , 192 , 64 , 192 , 192 , 192 , 192 , 0 , 0 , 128 , 128 , 128 , 64 , 64 , 64 , 0 , 0 , 192 , 192 , 192 , 192 , 128 , 192 , 0 
db 0 , 0 , 192 , 192 , 192 , 192 , 192 , 64 , 128 , 64 , 64 , 0 , 0 , 128 , 128 , 64 , 128 , 192 , 192 , 192 , 192 , 192 , 0 , 0 
db 0 , 192 , 64 , 192 , 192 , 192 , 192 , 64 , 128 , 128 , 128 , 192 , 192 , 64 , 64 , 64 , 128 , 192 , 192 , 192 , 192 , 128 , 192 
, 0 
db 0 , 192 , 128 , 192 , 192 , 192 , 192 , 64 , 128 , 64 , 64 , 64 , 128 , 128 , 128 , 64 , 128 , 192 , 192 , 192 , 192 , 64 , 192 ,
 0 
db 0 , 192 , 128 , 192 , 192 , 192 , 192 , 0 , 0 , 128 , 128 , 192 , 192 , 64 , 64 , 0 , 0 , 192 , 192 , 192 , 192 , 64 , 192 , 0 
db 0 , 192 , 128 , 192 , 192 , 192 , 192 , 128 , 128 , 0 , 64 , 64 , 128 , 128 , 0 , 64 , 64 , 192 , 192 , 192 , 192 , 64 , 192 , 0 
db 0 , 64 , 64 , 192 , 192 , 192 , 192 , 128 , 128 , 128 , 128 , 192 , 192 , 64 , 64 , 64 , 64 , 192 , 192 , 192 , 192 , 128 , 128 ,
 0 
db 0 , 128 , 192 , 192 , 192 , 192 , 192 , 128 , 128 , 64 , 64 , 64 , 128 , 128 , 128 , 64 , 64 , 192 , 192 , 192 , 192 , 192 , 64 ,
 0 
db 0 , 128 , 192 , 192 , 192 , 64 , 128 , 0 , 0 , 128 , 128 , 192 , 192 , 64 , 64 , 0 , 0 , 64 , 128 , 192 , 192 , 192 , 64 , 0 
db 0 , 0 , 192 , 128 , 0 , 192 , 128 , 192 , 128 , 64 , 64 , 64 , 128 , 128 , 128 , 64 , 192 , 64 , 192 , 0 , 64 , 192 , 0 , 0 
db 0 , 192 , 64 , 64 , 192 , 192 , 128 , 192 , 128 , 128 , 128 , 192 , 192 , 64 , 64 , 64 , 192 , 64 , 192 , 192 , 128 , 128 , 192 ,
 0 
db 0 , 192 , 128 , 192 , 192 , 192 , 128 , 192 , 128 , 64 , 64 , 64 , 128 , 128 , 128 , 64 , 192 , 64 , 192 , 192 , 192 , 64 , 192 ,
 0 
db 0 , 192 , 128 , 192 , 192 , 192 , 128 , 192 , 128 , 128 , 128 , 192 , 192 , 64 , 64 , 64 , 192 , 64 , 192 , 192 , 192 , 64 , 192 
, 0 
db 0 , 192 , 128 , 192 , 192 , 192 , 128 , 192 , 128 , 0 , 64 , 0 , 0 , 128 , 0 , 64 , 192 , 64 , 192 , 192 , 192 , 64 , 192 , 0 
;------ END SPRITE --------
;------ BEGIN SPRITE --------
db 9 ; ancho
db 18 ; alto
db 0 , 0 , 0 , 0 , 0 , 0 , 0 , 0 , 0 
db 0 , 0 , 0 , 0 , 0 , 0 , 0 , 0 , 0 
db 0 , 0 , 0 , 20 , 32 , 0 , 16 , 40 , 0 
db 0 , 0 , 0 , 20 , 56 , 0 , 52 , 60 , 0 
db 0 , 0 , 0 , 0 , 56 , 16 , 60 , 28 , 0 
db 0 , 0 , 20 , 40 , 20 , 16 , 44 , 60 , 0 
db 0 , 0 , 60 , 60 , 20 , 60 , 60 , 8 , 0 
db 0 , 0 , 20 , 52 , 8 , 52 , 44 , 40 , 0 
db 0 , 64 , 148 , 60 , 60 , 60 , 60 , 0 , 0 
db 0 , 192 , 192 , 60 , 60 , 44 , 44 , 0 , 0 
db 0 , 192 , 192 , 40 , 60 , 60 , 28 , 28 , 0 
db 0 , 192 , 20 , 0 , 20 , 60 , 60 , 60 , 0 
db 0 , 128 , 40 , 0 , 0 , 60 , 20 , 40 , 0 
db 0 , 128 , 0 , 0 , 0 , 16 , 16 , 0 , 0 
db 0 , 0 , 0 , 0 , 0 , 0 , 32 , 48 , 0 
db 0 , 0 , 0 , 0 , 0 , 0 , 32 , 16 , 0 
db 0 , 0 , 0 , 0 , 0 , 0 , 0 , 0 , 0 
db 0 , 0 , 0 , 0 , 0 , 0 , 0 , 0 , 0 
;------ END SPRITE --------
;------ BEGIN SPRITE --------
db 9 ; ancho
db 18 ; alto
db 0 , 0 , 0 , 0 , 0 , 0 , 0 , 0 , 0 
db 0 , 0 , 0 , 0 , 0 , 0 , 0 , 0 , 0 
db 0 , 0 , 20 , 40 , 0 , 0 , 0 , 0 , 0 
db 0 , 0 , 60 , 60 , 0 , 0 , 0 , 0 , 0 
db 0 , 0 , 20 , 28 , 28 , 60 , 0 , 0 , 0 
db 0 , 64 , 148 , 60 , 60 , 60 , 40 , 0 , 0 
db 0 , 192 , 192 , 60 , 60 , 60 , 60 , 0 , 0 
db 0 , 192 , 192 , 40 , 60 , 60 , 60 , 40 , 0 
db 0 , 192 , 20 , 0 , 20 , 60 , 60 , 60 , 0 
db 0 , 128 , 40 , 0 , 20 , 60 , 60 , 20 , 0 
db 0 , 128 , 0 , 0 , 0 , 60 , 40 , 0 , 0 
db 0 , 0 , 0 , 0 , 0 , 60 , 60 , 0 , 0 
db 0 , 0 , 0 , 0 , 0 , 60 , 40 , 0 , 0 
db 0 , 0 , 0 , 0 , 0 , 60 , 60 , 0 , 0 
db 0 , 0 , 0 , 0 , 0 , 20 , 60 , 40 , 0 
db 0 , 0 , 0 , 0 , 0 , 20 , 60 , 0 , 0 
db 0 , 0 , 0 , 0 , 0 , 0 , 0 , 0 , 0 
db 0 , 0 , 0 , 0 , 0 , 0 , 0 , 0 , 0 
;------ END SPRITE --------
;------ BEGIN SPRITE --------
db 9 ; ancho
db 18 ; alto
db 0 , 0 , 0 , 0 , 0 , 0 , 0 , 0 , 0 
db 0 , 0 , 0 , 0 , 0 , 0 , 0 , 0 , 0 
db 0 , 0 , 20 , 40 , 0 , 0 , 0 , 0 , 0 
db 0 , 0 , 60 , 60 , 0 , 0 , 0 , 0 , 0 
db 0 , 0 , 20 , 148 , 28 , 60 , 0 , 0 , 0 
db 0 , 64 , 148 , 60 , 60 , 60 , 40 , 0 , 0 
db 0 , 192 , 192 , 60 , 60 , 60 , 60 , 0 , 0 
db 0 , 192 , 192 , 40 , 60 , 60 , 60 , 40 , 0 
db 0 , 192 , 20 , 0 , 20 , 60 , 60 , 60 , 0 
db 0 , 128 , 40 , 0 , 20 , 60 , 60 , 20 , 0 
db 0 , 128 , 0 , 0 , 0 , 60 , 40 , 0 , 0 
db 0 , 0 , 0 , 0 , 0 , 60 , 60 , 0 , 0 
db 0 , 0 , 0 , 0 , 0 , 60 , 40 , 0 , 0 
db 0 , 0 , 0 , 0 , 0 , 60 , 60 , 0 , 0 
db 0 , 0 , 0 , 0 , 0 , 20 , 60 , 40 , 0 
db 0 , 0 , 0 , 0 , 0 , 20 , 60 , 0 , 0 
db 0 , 0 , 0 , 0 , 0 , 0 , 0 , 0 , 0 
db 0 , 0 , 0 , 0 , 0 , 0 , 0 , 0 , 0 
;------ END SPRITE --------
;------ BEGIN SPRITE --------
db 9 ; ancho
db 18 ; alto
db 0 , 0 , 0 , 0 , 0 , 0 , 0 , 0 , 0 
db 0 , 0 , 0 , 0 , 0 , 0 , 0 , 0 , 0 
db 0 , 0 , 20 , 40 , 0 , 0 , 0 , 0 , 0 
db 0 , 0 , 60 , 60 , 0 , 0 , 0 , 0 , 0 
db 0 , 0 , 20 , 52 , 28 , 60 , 0 , 0 , 0 
db 0 , 64 , 148 , 60 , 60 , 60 , 40 , 0 , 0 
db 0 , 192 , 192 , 60 , 60 , 60 , 60 , 0 , 0 
db 0 , 192 , 192 , 40 , 60 , 60 , 60 , 40 , 0 
db 0 , 192 , 20 , 0 , 20 , 60 , 60 , 60 , 0 
db 0 , 128 , 40 , 0 , 20 , 60 , 60 , 20 , 0 
db 0 , 128 , 0 , 0 , 0 , 60 , 40 , 0 , 0 
db 0 , 0 , 0 , 0 , 0 , 60 , 60 , 0 , 0 
db 0 , 0 , 0 , 0 , 0 , 60 , 40 , 0 , 0 
db 0 , 0 , 0 , 0 , 0 , 60 , 60 , 0 , 0 
db 0 , 0 , 0 , 0 , 0 , 20 , 60 , 40 , 0 
db 0 , 0 , 0 , 0 , 0 , 20 , 60 , 0 , 0 
db 0 , 0 , 0 , 0 , 0 , 0 , 0 , 0 , 0 
db 0 , 0 , 0 , 0 , 0 , 0 , 0 , 0 , 0 
;------ END SPRITE --------
' ------ BEGIN PALETA --------
INK  0 , 11 
INK  1 , 15 
INK  2 , 0 
INK  3 , 0 
INK  4 , 26 
INK  5 , 26 
INK  6 , 6 
INK  7 , 6 
INK  8 , 18 
INK  9 , 18 
INK  10 , 2 
INK  11 , 2 
INK  12 , 4 
INK  13 , 4 
INK  14 , 16 
INK  15 , 16 
' ------ END PALETA --------
' ------ BEGIN PALETA --------
INK  0 , 11 
INK  1 , 15 
INK  2 , 0 
INK  3 , 0 
INK  4 , 26 
INK  5 , 26 
INK  6 , 6 
INK  7 , 6 
INK  8 , 18 
INK  9 , 18 
INK  10 , 2 
INK  11 , 2 
INK  12 , 4 
INK  13 , 4 
INK  14 , 16 
INK  15 , 16 
' ------ END PALETA --------
;------ BEGIN SPRITE --------
db 6 ; ancho
db 22 ; alto
db 0 , 0 , 48 , 48 , 0 , 0 
db 0 , 16 , 24 , 48 , 32 , 0 
db 0 , 36 , 48 , 48 , 48 , 0 
db 0 , 36 , 48 , 48 , 48 , 0 
db 0 , 36 , 48 , 48 , 48 , 0 
db 0 , 12 , 36 , 112 , 240 , 0 
db 0 , 164 , 240 , 164 , 60 , 0 
db 0 , 69 , 60 , 60 , 60 , 0 
db 0 , 80 , 60 , 60 , 120 , 0 
db 0 , 0 , 180 , 60 , 248 , 0 
db 0 , 0 , 80 , 240 , 240 , 0 
db 0 , 16 , 48 , 48 , 80 , 0 
db 0 , 16 , 36 , 48 , 120 , 0 
db 0 , 16 , 12 , 24 , 60 , 0 
db 0 , 16 , 36 , 48 , 60 , 0 
db 0 , 0 , 36 , 36 , 0 , 0 
db 0 , 0 , 48 , 52 , 0 , 0 
db 0 , 0 , 16 , 28 , 0 , 0 
db 0 , 0 , 32 , 16 , 32 , 0 
db 0 , 0 , 48 , 16 , 48 , 0 
db 0 , 0 , 60 , 60 , 60 , 0 
db 0 , 0 , 0 , 0 , 0 , 0 
;------ END SPRITE --------
;------ BEGIN SPRITE --------
db 6 ; ancho
db 22 ; alto
db 0 , 0 , 48 , 48 , 0 , 0 
db 0 , 16 , 24 , 48 , 32 , 0 
db 0 , 36 , 48 , 48 , 48 , 0 
db 0 , 36 , 48 , 48 , 48 , 0 
db 0 , 36 , 48 , 240 , 240 , 0 
db 0 , 88 , 240 , 164 , 44 , 0 
db 0 , 28 , 60 , 60 , 60 , 0 
db 0 , 20 , 60 , 60 , 60 , 0 
db 0 , 4 , 60 , 60 , 120 , 0 
db 0 , 0 , 28 , 44 , 248 , 0 
db 0 , 24 , 48 , 48 , 240 , 0 
db 0 , 24 , 36 , 48 , 80 , 0 
db 0 , 24 , 12 , 24 , 60 , 0 
db 0 , 24 , 36 , 48 , 60 , 0 
db 0 , 88 , 36 , 36 , 120 , 0 
db 0 , 4 , 48 , 52 , 0 , 0 
db 0 , 4 , 176 , 28 , 0 , 0 
db 0 , 48 , 88 , 60 , 176 , 0 
db 0 , 48 , 164 , 80 , 48 , 0 
db 0 , 16 , 112 , 16 , 112 , 0 
db 0 , 0 , 60 , 60 , 60 , 0 
db 0 , 0 , 0 , 0 , 0 , 0 
;------ END SPRITE --------
;------ BEGIN SPRITE --------
db 6 ; ancho
db 22 ; alto
db 0 , 0 , 48 , 48 , 0 , 0 
db 0 , 16 , 24 , 48 , 32 , 0 
db 0 , 36 , 48 , 48 , 48 , 0 
db 0 , 36 , 48 , 48 , 48 , 0 
db 0 , 36 , 48 , 48 , 48 , 0 
db 0 , 36 , 36 , 112 , 240 , 0 
db 0 , 164 , 240 , 164 , 60 , 0 
db 0 , 28 , 60 , 60 , 60 , 0 
db 0 , 4 , 60 , 60 , 120 , 0 
db 0 , 0 , 28 , 60 , 248 , 0 
db 0 , 0 , 80 , 240 , 240 , 0 
db 0 , 24 , 48 , 48 , 80 , 0 
db 0 , 24 , 36 , 48 , 120 , 0 
db 0 , 24 , 12 , 24 , 60 , 0 
db 0 , 24 , 36 , 48 , 60 , 0 
db 0 , 4 , 36 , 36 , 0 , 0 
db 0 , 4 , 48 , 52 , 0 , 0 
db 0 , 0 , 24 , 28 , 0 , 0 
db 0 , 0 , 32 , 16 , 32 , 0 
db 0 , 0 , 48 , 16 , 48 , 0 
db 0 , 0 , 60 , 60 , 60 , 0 
db 0 , 0 , 0 , 0 , 0 , 0 
;------ END SPRITE --------
;------ BEGIN SPRITE --------
db 6 ; ancho
db 22 ; alto
db 0 , 0 , 48 , 48 , 0 , 0 
db 0 , 16 , 24 , 48 , 32 , 0 
db 0 , 36 , 48 , 48 , 48 , 0 
db 0 , 36 , 48 , 48 , 48 , 0 
db 0 , 36 , 48 , 48 , 48 , 0 
db 0 , 36 , 36 , 112 , 240 , 0 
db 0 , 164 , 240 , 164 , 60 , 0 
db 0 , 28 , 60 , 60 , 60 , 0 
db 0 , 4 , 60 , 60 , 120 , 0 
db 0 , 0 , 28 , 44 , 248 , 0 
db 0 , 0 , 80 , 240 , 240 , 0 
db 0 , 24 , 48 , 48 , 80 , 0 
db 0 , 24 , 36 , 48 , 120 , 0 
db 0 , 24 , 12 , 24 , 60 , 0 
db 0 , 24 , 36 , 48 , 60 , 0 
db 0 , 4 , 36 , 36 , 0 , 0 
db 0 , 4 , 48 , 52 , 0 , 0 
db 0 , 0 , 24 , 28 , 0 , 0 
db 0 , 0 , 32 , 16 , 32 , 0 
db 0 , 0 , 48 , 16 , 48 , 0 
db 0 , 0 , 60 , 60 , 60 , 0 
db 0 , 0 , 0 , 0 , 0 , 0 
;------ END SPRITE --------
;------ BEGIN SPRITE --------
db 6 ; ancho
db 22 ; alto
db 0 , 0 , 48 , 48 , 0 , 0 
db 0 , 16 , 24 , 48 , 32 , 0 
db 0 , 36 , 48 , 48 , 48 , 0 
db 0 , 36 , 48 , 48 , 48 , 0 
db 0 , 36 , 48 , 48 , 48 , 0 
db 0 , 44 , 48 , 112 , 240 , 0 
db 0 , 164 , 240 , 164 , 60 , 0 
db 0 , 20 , 60 , 60 , 60 , 0 
db 0 , 4 , 60 , 60 , 120 , 0 
db 0 , 0 , 28 , 44 , 248 , 0 
db 0 , 0 , 80 , 240 , 240 , 0 
db 0 , 24 , 48 , 48 , 80 , 0 
db 0 , 24 , 36 , 48 , 120 , 0 
db 0 , 24 , 12 , 24 , 120 , 0 
db 0 , 24 , 36 , 48 , 90 , 0 
db 0 , 4 , 36 , 36 , 0 , 0 
db 0 , 4 , 48 , 52 , 40 , 0 
db 0 , 0 , 24 , 28 , 40 , 0 
db 0 , 0 , 0 , 0 , 0 , 0 
db 0 , 0 , 24 , 32 , 0 , 0 
db 0 , 0 , 24 , 32 , 0 , 0 
db 0 , 0 , 24 , 48 , 0 , 0 
;------ END SPRITE --------
;------ BEGIN SPRITE --------
db 6 ; ancho
db 22 ; alto
db 0 , 0 , 48 , 48 , 0 , 0 
db 0 , 16 , 48 , 36 , 32 , 0 
db 0 , 48 , 48 , 48 , 24 , 0 
db 0 , 48 , 48 , 48 , 24 , 0 
db 0 , 240 , 240 , 48 , 24 , 0 
db 0 , 28 , 88 , 240 , 164 , 0 
db 0 , 60 , 60 , 60 , 44 , 0 
db 0 , 60 , 60 , 60 , 40 , 0 
db 0 , 180 , 60 , 60 , 8 , 0 
db 0 , 244 , 28 , 44 , 0 , 0 
db 0 , 240 , 48 , 48 , 36 , 0 
db 0 , 160 , 48 , 24 , 36 , 0 
db 0 , 60 , 36 , 12 , 36 , 0 
db 0 , 60 , 48 , 24 , 36 , 0 
db 0 , 180 , 24 , 24 , 164 , 0 
db 0 , 0 , 56 , 48 , 8 , 0 
db 0 , 0 , 44 , 112 , 8 , 0 
db 0 , 112 , 60 , 164 , 48 , 0 
db 0 , 48 , 160 , 88 , 48 , 0 
db 0 , 176 , 32 , 176 , 32 , 0 
db 0 , 60 , 60 , 60 , 0 , 0 
db 0 , 0 , 0 , 0 , 0 , 0 
;------ END SPRITE --------
;------ BEGIN SPRITE --------
db 6 ; ancho
db 22 ; alto
db 0 , 0 , 48 , 48 , 0 , 0 
db 0 , 16 , 48 , 36 , 32 , 0 
db 0 , 48 , 48 , 48 , 24 , 0 
db 0 , 48 , 48 , 48 , 24 , 0 
db 0 , 48 , 48 , 48 , 24 , 0 
db 0 , 240 , 176 , 24 , 24 , 0 
db 0 , 60 , 88 , 240 , 88 , 0 
db 0 , 60 , 60 , 60 , 44 , 0 
db 0 , 180 , 60 , 60 , 8 , 0 
db 0 , 244 , 28 , 44 , 0 , 0 
db 0 , 240 , 240 , 160 , 0 , 0 
db 0 , 160 , 48 , 48 , 36 , 0 
db 0 , 180 , 48 , 24 , 36 , 0 
db 0 , 60 , 36 , 12 , 36 , 0 
db 0 , 60 , 48 , 24 , 36 , 0 
db 0 , 0 , 24 , 24 , 8 , 0 
db 0 , 0 , 56 , 48 , 8 , 0 
db 0 , 0 , 44 , 36 , 0 , 0 
db 0 , 16 , 32 , 16 , 0 , 0 
db 0 , 48 , 32 , 48 , 0 , 0 
db 0 , 60 , 60 , 60 , 0 , 0 
db 0 , 0 , 0 , 0 , 0 , 0 
;------ END SPRITE --------
;------ BEGIN SPRITE --------
db 6 ; ancho
db 22 ; alto
db 0 , 0 , 48 , 48 , 0 , 0 
db 0 , 16 , 48 , 36 , 32 , 0 
db 0 , 48 , 48 , 48 , 24 , 0 
db 0 , 48 , 48 , 48 , 24 , 0 
db 0 , 240 , 240 , 48 , 24 , 0 
db 0 , 28 , 88 , 240 , 164 , 0 
db 0 , 60 , 60 , 60 , 44 , 0 
db 0 , 60 , 60 , 60 , 40 , 0 
db 0 , 180 , 60 , 60 , 8 , 0 
db 0 , 244 , 28 , 44 , 0 , 0 
db 0 , 240 , 48 , 48 , 36 , 0 
db 0 , 160 , 48 , 24 , 36 , 0 
db 0 , 60 , 36 , 12 , 36 , 0 
db 0 , 60 , 48 , 24 , 36 , 0 
db 0 , 180 , 24 , 24 , 164 , 0 
db 0 , 0 , 56 , 48 , 8 , 0 
db 0 , 0 , 44 , 112 , 8 , 0 
db 0 , 112 , 60 , 164 , 48 , 0 
db 0 , 48 , 160 , 88 , 48 , 0 
db 0 , 176 , 32 , 176 , 32 , 0 
db 0 , 60 , 60 , 60 , 0 , 0 
db 0 , 0 , 0 , 0 , 0 , 0 
;------ END SPRITE --------
;------ BEGIN SPRITE --------
db 6 ; ancho
db 22 ; alto
db 0 , 0 , 48 , 48 , 0 , 0 
db 0 , 16 , 48 , 36 , 32 , 0 
db 0 , 48 , 48 , 48 , 24 , 0 
db 0 , 48 , 48 , 48 , 24 , 0 
db 0 , 48 , 48 , 48 , 24 , 0 
db 0 , 240 , 176 , 48 , 28 , 0 
db 0 , 60 , 88 , 240 , 88 , 0 
db 0 , 60 , 60 , 60 , 40 , 0 
db 0 , 180 , 60 , 60 , 8 , 0 
db 0 , 244 , 28 , 44 , 0 , 0 
db 0 , 240 , 240 , 160 , 0 , 0 
db 0 , 160 , 48 , 48 , 36 , 0 
db 0 , 180 , 48 , 24 , 36 , 0 
db 0 , 180 , 36 , 12 , 36 , 0 
db 0 , 165 , 48 , 24 , 36 , 0 
db 0 , 0 , 24 , 24 , 8 , 0 
db 0 , 20 , 56 , 48 , 8 , 0 
db 0 , 20 , 44 , 36 , 0 , 0 
db 0 , 0 , 0 , 0 , 0 , 0 
db 0 , 0 , 16 , 36 , 0 , 0 
db 0 , 0 , 16 , 36 , 0 , 0 
db 0 , 0 , 48 , 36 , 0 , 0 
;------ END SPRITE --------
r