;------ BEGIN IMAGE --------
db 8 ; ancho
db 36 ; alto
db 0 , 0 , 0 , 0 , 0 , 0 , 0 , 0 
db 0 , 0 , 0 , 0 , 0 , 0 , 0 , 0 
db 0 , 0 , 16 , 32 , 0 , 0 , 0 , 0 
db 0 , 0 , 48 , 48 , 0 , 0 , 0 , 0 
db 0 , 0 , 48 , 48 , 0 , 0 , 0 , 0 
db 0 , 0 , 48 , 32 , 0 , 0 , 0 , 0 
db 0 , 0 , 33 , 32 , 0 , 0 , 0 , 0 
db 0 , 16 , 3 , 2 , 0 , 0 , 0 , 0 
db 0 , 16 , 3 , 3 , 0 , 0 , 0 , 0 
db 0 , 33 , 3 , 32 , 0 , 0 , 0 , 0 
db 0 , 33 , 3 , 184 , 51 , 0 , 0 , 0 
db 0 , 3 , 3 , 184 , 51 , 0 , 0 , 0 
db 0 , 33 , 33 , 3 , 32 , 0 , 0 , 0 
db 0 , 17 , 18 , 3 , 3 , 0 , 0 , 0 
db 0 , 1 , 3 , 3 , 2 , 0 , 0 , 0 
db 0 , 1 , 3 , 48 , 0 , 0 , 0 , 0 
db 0 , 17 , 3 , 51 , 0 , 0 , 0 , 0 
db 0 , 17 , 51 , 51 , 0 , 0 , 0 , 0 
db 0 , 1 , 51 , 50 , 0 , 0 , 0 , 0 
db 0 , 0 , 3 , 50 , 0 , 0 , 0 , 0 
db 0 , 0 , 1 , 51 , 0 , 0 , 0 , 0 
db 0 , 0 , 17 , 51 , 32 , 0 , 0 , 0 
db 0 , 0 , 1 , 49 , 32 , 0 , 0 , 0 
db 0 , 0 , 3 , 51 , 32 , 0 , 0 , 0 
db 0 , 0 , 18 , 51 , 0 , 0 , 0 , 0 
db 0 , 1 , 18 , 50 , 0 , 0 , 0 , 0 
db 0 , 1 , 3 , 32 , 0 , 0 , 0 , 0 
db 0 , 0 , 3 , 2 , 0 , 0 , 0 , 0 
db 0 , 0 , 3 , 2 , 0 , 0 , 0 , 0 
db 0 , 0 , 3 , 3 , 0 , 0 , 0 , 0 
db 0 , 0 , 1 , 3 , 0 , 0 , 0 , 0 
db 0 , 0 , 0 , 0 , 0 , 0 , 0 , 0 
db 0 , 0 , 0 , 0 , 0 , 0 , 0 , 0 
db 0 , 0 , 0 , 0 , 0 , 0 , 0 , 0 
db 0 , 0 , 0 , 0 , 0 , 0 , 0 , 0 
db 0 , 0 , 0 , 0 , 0 , 0 , 0 , 0 
;------ END IMAGE --------
' ------ BEGIN PALETA --------
INK  0 , 0 
INK  1 , 24 
INK  2 , 20 
INK  3 , 6 
INK  4 , 26 
INK  5 , 0 
INK  6 , 10 
INK  7 , 8 
INK  8 , 7 
INK  9 , 12 
INK  10 , 14 
INK  11 , 16 
INK  12 , 14 
INK  13 , 22 
INK  14 , 0 
INK  15 , 11 
' ------ END PALETA --------
;------ BEGIN IMAGE --------
db 6 ; ancho
db 34 ; alto
db 0 , 0 , 0 , 0 , 0 , 0 
db 0 , 0 , 0 , 0 , 0 , 0 
db 0 , 0 , 16 , 32 , 0 , 0 
db 0 , 0 , 48 , 48 , 0 , 0 
db 0 , 0 , 48 , 48 , 0 , 0 
db 0 , 0 , 48 , 32 , 0 , 0 
db 0 , 0 , 33 , 32 , 0 , 0 
db 0 , 16 , 3 , 18 , 0 , 0 
db 0 , 16 , 3 , 3 , 0 , 0 
db 0 , 33 , 3 , 33 , 0 , 0 
db 0 , 33 , 3 , 18 , 51 , 0 
db 0 , 3 , 3 , 18 , 51 , 0 
db 0 , 33 , 33 , 3 , 32 , 0 
db 0 , 1 , 18 , 3 , 2 , 0 
db 0 , 1 , 3 , 3 , 2 , 0 
db 0 , 17 , 3 , 48 , 0 , 0 
db 0 , 17 , 51 , 34 , 0 , 0 
db 0 , 17 , 51 , 51 , 0 , 0 
db 0 , 1 , 51 , 50 , 0 , 0 
db 0 , 0 , 3 , 50 , 0 , 0 
db 0 , 0 , 17 , 51 , 32 , 0 
db 0 , 0 , 19 , 51 , 32 , 0 
db 0 , 0 , 3 , 49 , 32 , 0 
db 0 , 0 , 3 , 51 , 32 , 0 
db 0 , 1 , 18 , 51 , 0 , 0 
db 0 , 1 , 18 , 50 , 0 , 0 
db 0 , 1 , 3 , 32 , 0 , 0 
db 0 , 17 , 3 , 2 , 0 , 0 
db 0 , 0 , 3 , 2 , 0 , 0 
db 0 , 0 , 3 , 3 , 0 , 0 
db 0 , 0 , 35 , 3 , 0 , 0 
db 0 , 0 , 17 , 51 , 0 , 0 
db 0 , 0 , 0 , 0 , 0 , 0 
db 0 , 0 , 0 , 0 , 0 , 0 
;------ END IMAGE --------
;------ BEGIN IMAGE --------
db 6 ; ancho
db 34 ; alto
db 0 , 0 , 0 , 0 , 0 , 0 
db 0 , 0 , 1 , 2 , 0 , 0 
db 0 , 0 , 18 , 33 , 0 , 0 
db 0 , 1 , 49 , 48 , 2 , 0 
db 0 , 1 , 50 , 48 , 2 , 0 
db 0 , 1 , 49 , 33 , 2 , 0 
db 0 , 1 , 35 , 33 , 0 , 0 
db 0 , 1 , 3 , 18 , 0 , 0 
db 0 , 1 , 48 , 3 , 0 , 0 
db 0 , 18 , 50 , 33 , 0 , 0 
db 0 , 19 , 48 , 33 , 3 , 0 
db 0 , 18 , 50 , 33 , 3 , 0 
db 0 , 19 , 33 , 33 , 3 , 0 
db 0 , 18 , 33 , 48 , 2 , 0 
db 0 , 1 , 33 , 48 , 2 , 0 
db 0 , 19 , 50 , 19 , 0 , 0 
db 0 , 19 , 51 , 33 , 2 , 0 
db 0 , 1 , 51 , 51 , 2 , 0 
db 0 , 1 , 51 , 50 , 2 , 0 
db 0 , 0 , 3 , 50 , 2 , 0 
db 0 , 0 , 1 , 51 , 32 , 0 
db 0 , 0 , 19 , 51 , 32 , 0 
db 0 , 0 , 19 , 49 , 32 , 0 
db 0 , 0 , 3 , 51 , 2 , 0 
db 0 , 1 , 18 , 51 , 2 , 0 
db 0 , 1 , 3 , 3 , 2 , 0 
db 0 , 1 , 3 , 3 , 0 , 0 
db 0 , 1 , 3 , 2 , 0 , 0 
db 0 , 0 , 3 , 2 , 0 , 0 
db 0 , 0 , 3 , 3 , 0 , 0 
db 0 , 0 , 3 , 3 , 0 , 0 
db 0 , 0 , 1 , 3 , 0 , 0 
db 0 , 0 , 0 , 0 , 0 , 0 
db 0 , 0 , 0 , 0 , 0 , 0 
;------ END IMAGE --------
;------ BEGIN IMAGE --------
db 12 ; ancho
db 35 ; alto
db 0 , 0 , 0 , 0 , 0 , 0 , 0 , 0 , 0 , 0 , 0 , 0 
db 0 , 0 , 0 , 0 , 0 , 0 , 0 , 0 , 0 , 0 , 0 , 0 
db 0 , 0 , 0 , 0 , 0 , 0 , 0 , 0 , 0 , 0 , 0 , 0 
db 0 , 0 , 0 , 1 , 3 , 3 , 3 , 3 , 2 , 0 , 0 , 0 
db 0 , 0 , 0 , 19 , 48 , 48 , 48 , 48 , 35 , 0 , 0 , 0 
db 0 , 0 , 1 , 50 , 48 , 3 , 3 , 48 , 49 , 2 , 0 , 0 
db 0 , 0 , 19 , 48 , 33 , 19 , 35 , 18 , 48 , 35 , 0 , 0 
db 0 , 0 , 19 , 48 , 3 , 35 , 19 , 3 , 48 , 35 , 0 , 0 
db 0 , 0 , 3 , 48 , 3 , 3 , 3 , 3 , 48 , 3 , 0 , 0 
db 0 , 1 , 3 , 19 , 3 , 3 , 3 , 3 , 35 , 3 , 2 , 0 
db 0 , 1 , 19 , 18 , 35 , 3 , 3 , 19 , 33 , 35 , 2 , 0 
db 0 , 1 , 50 , 51 , 49 , 3 , 3 , 50 , 51 , 49 , 2 , 0 
db 0 , 1 , 50 , 33 , 48 , 35 , 19 , 48 , 18 , 49 , 2 , 0 
db 0 , 1 , 48 , 49 , 48 , 49 , 50 , 48 , 50 , 48 , 2 , 0 
db 0 , 1 , 48 , 33 , 16 , 48 , 48 , 32 , 18 , 48 , 2 , 0 
db 0 , 1 , 48 , 2 , 2 , 48 , 48 , 1 , 1 , 48 , 2 , 0 
db 0 , 1 , 33 , 0 , 1 , 18 , 33 , 2 , 0 , 18 , 2 , 0 
db 0 , 1 , 2 , 0 , 0 , 0 , 0 , 0 , 0 , 1 , 2 , 0 
db 0 , 0 , 0 , 0 , 0 , 0 , 0 , 0 , 0 , 0 , 0 , 0 
db 0 , 0 , 0 , 0 , 0 , 0 , 0 , 0 , 0 , 0 , 0 , 0 
db 0 , 0 , 0 , 0 , 0 , 0 , 0 , 0 , 0 , 0 , 0 , 0 
db 0 , 0 , 0 , 0 , 0 , 0 , 0 , 0 , 0 , 0 , 0 , 0 
db 0 , 0 , 0 , 0 , 0 , 0 , 0 , 0 , 0 , 0 , 0 , 0 
db 0 , 0 , 0 , 0 , 0 , 0 , 0 , 0 , 0 , 0 , 0 , 0 
db 0 , 0 , 0 , 0 , 0 , 0 , 0 , 0 , 0 , 0 , 0 , 0 
db 0 , 0 , 0 , 0 , 0 , 0 , 0 , 0 , 0 , 0 , 0 , 0 
db 0 , 0 , 0 , 0 , 0 , 0 , 0 , 0 , 0 , 0 , 0 , 0 
db 0 , 0 , 0 , 0 , 0 , 0 , 0 , 0 , 0 , 0 , 0 , 0 
db 0 , 0 , 0 , 0 , 0 , 0 , 0 , 0 , 0 , 0 , 0 , 0 
db 0 , 0 , 0 , 0 , 0 , 0 , 0 , 0 , 0 , 0 , 0 , 0 
db 0 , 0 , 0 , 0 , 0 , 0 , 0 , 0 , 0 , 0 , 0 , 0 
db 0 , 0 , 0 , 0 , 0 , 0 , 0 , 0 , 0 , 0 , 0 , 0 
db 0 , 0 , 0 , 0 , 0 , 0 , 0 , 0 , 0 , 0 , 0 , 0 
db 0 , 0 , 0 , 0 , 0 , 0 , 0 , 0 , 0 , 0 , 0 , 0 
db 0 , 0 , 0 , 0 , 0 , 0 , 0 , 0 , 0 , 0 , 0 , 0 
;------ END IMAGE --------
;------ BEGIN IMAGE --------
db 12 ; ancho
db 35 ; alto
db 0 , 0 , 0 , 0 , 0 , 0 , 0 , 0 , 0 , 0 , 0 , 0 
db 0 , 0 , 0 , 0 , 0 , 0 , 0 , 0 , 0 , 0 , 0 , 0 
db 0 , 0 , 0 , 0 , 0 , 0 , 0 , 0 , 0 , 0 , 0 , 0 
db 0 , 0 , 0 , 1 , 3 , 3 , 3 , 3 , 2 , 0 , 0 , 0 
db 0 , 0 , 0 , 19 , 48 , 48 , 48 , 48 , 35 , 0 , 0 , 0 
db 0 , 0 , 1 , 50 , 48 , 3 , 3 , 48 , 49 , 2 , 0 , 0 
db 0 , 0 , 19 , 48 , 33 , 19 , 35 , 18 , 48 , 35 , 0 , 0 
db 0 , 0 , 19 , 48 , 3 , 35 , 19 , 3 , 48 , 35 , 0 , 0 
db 0 , 0 , 3 , 48 , 3 , 3 , 3 , 3 , 48 , 3 , 0 , 0 
db 0 , 0 , 3 , 19 , 3 , 3 , 3 , 3 , 35 , 3 , 0 , 0 
db 0 , 0 , 1 , 18 , 35 , 3 , 3 , 19 , 33 , 2 , 0 , 0 
db 0 , 0 , 3 , 51 , 49 , 3 , 3 , 50 , 51 , 3 , 0 , 0 
db 0 , 0 , 18 , 33 , 48 , 35 , 19 , 48 , 18 , 33 , 0 , 0 
db 0 , 0 , 18 , 49 , 48 , 49 , 50 , 48 , 50 , 33 , 0 , 0 
db 0 , 0 , 18 , 33 , 16 , 48 , 48 , 32 , 18 , 33 , 0 , 0 
db 0 , 0 , 18 , 2 , 2 , 48 , 48 , 1 , 1 , 33 , 0 , 0 
db 0 , 0 , 3 , 0 , 1 , 18 , 33 , 2 , 0 , 3 , 0 , 0 
db 0 , 0 , 2 , 0 , 0 , 0 , 0 , 0 , 0 , 1 , 0 , 0 
db 0 , 0 , 0 , 0 , 0 , 0 , 0 , 0 , 0 , 0 , 0 , 0 
db 0 , 0 , 0 , 0 , 0 , 0 , 0 , 0 , 0 , 0 , 0 , 0 
db 0 , 0 , 0 , 0 , 0 , 0 , 0 , 0 , 0 , 0 , 0 , 0 
db 0 , 0 , 0 , 0 , 0 , 0 , 0 , 0 , 0 , 0 , 0 , 0 
db 0 , 0 , 0 , 0 , 0 , 0 , 0 , 0 , 0 , 0 , 0 , 0 
db 0 , 0 , 0 , 0 , 0 , 0 , 0 , 0 , 0 , 0 , 0 , 0 
db 0 , 0 , 0 , 0 , 0 , 0 , 0 , 0 , 0 , 0 , 0 , 0 
db 0 , 0 , 0 , 0 , 0 , 0 , 0 , 0 , 0 , 0 , 0 , 0 
db 0 , 0 , 0 , 0 , 0 , 0 , 0 , 0 , 0 , 0 , 0 , 0 
db 0 , 0 , 0 , 0 , 0 , 0 , 0 , 0 , 0 , 0 , 0 , 0 
db 0 , 0 , 0 , 0 , 0 , 0 , 0 , 0 , 0 , 0 , 0 , 0 
db 0 , 0 , 0 , 0 , 0 , 0 , 0 , 0 , 0 , 0 , 0 , 0 
db 0 , 0 , 0 , 0 , 0 , 0 , 0 , 0 , 0 , 0 , 0 , 0 
db 0 , 0 , 0 , 0 , 0 , 0 , 0 , 0 , 0 , 0 , 0 , 0 
db 0 , 0 , 0 , 0 , 0 , 0 , 0 , 0 , 0 , 0 , 0 , 0 
db 0 , 0 , 0 , 0 , 0 , 0 , 0 , 0 , 0 , 0 , 0 , 0 
db 0 , 0 , 0 , 0 , 0 , 0 , 0 , 0 , 0 , 0 , 0 , 0 
;------ END IMAGE --------
;------ BEGIN IMAGE --------
db 8 ; ancho
db 16 ; alto
db 0 , 0 , 0 , 0 , 0 , 0 , 0 , 0 
db 0 , 0 , 0 , 0 , 0 , 0 , 0 , 0 
db 0 , 0 , 3 , 3 , 3 , 3 , 0 , 0 
db 0 , 1 , 50 , 48 , 48 , 49 , 2 , 0 
db 0 , 17 , 48 , 3 , 3 , 48 , 34 , 0 
db 0 , 18 , 33 , 19 , 35 , 18 , 33 , 0 
db 0 , 18 , 33 , 3 , 3 , 18 , 33 , 0 
db 0 , 19 , 50 , 3 , 3 , 49 , 35 , 0 
db 0 , 1 , 48 , 33 , 18 , 48 , 2 , 0 
db 0 , 1 , 35 , 48 , 48 , 19 , 2 , 0 
db 0 , 18 , 48 , 18 , 33 , 48 , 33 , 0 
db 0 , 18 , 33 , 1 , 2 , 18 , 33 , 0 
db 0 , 18 , 2 , 0 , 0 , 1 , 33 , 0 
db 0 , 3 , 0 , 0 , 0 , 0 , 3 , 0 
db 0 , 0 , 0 , 0 , 0 , 0 , 0 , 0 
db 0 , 0 , 0 , 0 , 0 , 0 , 0 , 0 
;------ END IMAGE --------
;------ BEGIN IMAGE --------
db 5 ; ancho
db 10 ; alto
db 0 , 0 , 0 , 0 , 0 
db 0 , 0 , 0 , 0 , 0 
db 0 , 16 , 48 , 32 , 0 
db 0 , 112 , 161 , 18 , 0 
db 0 , 112 , 3 , 18 , 0 
db 0 , 48 , 3 , 48 , 0 
db 0 , 48 , 48 , 48 , 0 
db 0 , 18 , 3 , 33 , 0 
db 0 , 0 , 0 , 0 , 0 
db 0 , 0 , 0 , 0 , 0 
;------ END IMAGE --------
;------ BEGIN IMAGE --------
db 5 ; ancho
db 10 ; alto
db 0 , 0 , 0 , 0 , 0 
db 0 , 0 , 0 , 0 , 0 
db 0 , 19 , 50 , 33 , 0 
db 0 , 114 , 161 , 18 , 0 
db 0 , 114 , 3 , 18 , 0 
db 0 , 51 , 3 , 48 , 0 
db 0 , 19 , 50 , 33 , 0 
db 0 , 1 , 50 , 2 , 0 
db 0 , 0 , 0 , 0 , 0 
db 0 , 0 , 0 , 0 , 0 
;------ END IMAGE --------
;------ BEGIN IMAGE --------
db 16 ; ancho
db 32 ; alto
db 0 , 0 , 0 , 0 , 0 , 0 , 0 , 0 , 0 , 0 , 0 , 0 , 0 , 0 , 0 , 0 
db 0 , 0 , 0 , 0 , 0 , 0 , 0 , 0 , 0 , 0 , 0 , 0 , 0 , 0 , 0 , 0 
db 0 , 0 , 0 , 0 , 0 , 0 , 0 , 0 , 0 , 0 , 0 , 0 , 0 , 0 , 0 , 0 
db 0 , 0 , 0 , 0 , 0 , 0 , 0 , 0 , 0 , 0 , 0 , 0 , 0 , 0 , 0 , 0 
db 0 , 0 , 128 , 0 , 0 , 3 , 3 , 3 , 3 , 3 , 3 , 0 , 0 , 64 , 0 , 0 
db 0 , 0 , 0 , 0 , 3 , 48 , 48 , 48 , 48 , 48 , 48 , 3 , 0 , 0 , 0 , 0 
db 0 , 0 , 0 , 3 , 48 , 48 , 33 , 3 , 3 , 18 , 48 , 48 , 3 , 0 , 0 , 0 
db 0 , 0 , 1 , 18 , 48 , 33 , 3 , 51 , 19 , 3 , 18 , 48 , 33 , 2 , 0 , 0 
db 0 , 0 , 1 , 48 , 18 , 3 , 51 , 35 , 3 , 3 , 3 , 33 , 48 , 2 , 0 , 0 
db 0 , 0 , 1 , 33 , 48 , 3 , 35 , 3 , 3 , 3 , 3 , 48 , 18 , 2 , 0 , 0 
db 0 , 0 , 1 , 33 , 48 , 3 , 3 , 3 , 3 , 3 , 3 , 48 , 18 , 2 , 0 , 0 
db 0 , 0 , 1 , 33 , 48 , 3 , 3 , 3 , 3 , 3 , 3 , 48 , 18 , 2 , 0 , 0 
db 0 , 0 , 1 , 48 , 48 , 35 , 3 , 3 , 3 , 3 , 19 , 48 , 48 , 2 , 0 , 0 
db 0 , 0 , 1 , 48 , 48 , 49 , 3 , 3 , 3 , 3 , 50 , 48 , 48 , 2 , 0 , 0 
db 0 , 0 , 0 , 18 , 18 , 48 , 35 , 3 , 3 , 19 , 48 , 33 , 33 , 0 , 0 , 0 
db 0 , 0 , 0 , 2 , 3 , 48 , 49 , 3 , 3 , 50 , 48 , 3 , 1 , 0 , 0 , 0 
db 0 , 0 , 0 , 3 , 33 , 48 , 48 , 35 , 19 , 48 , 48 , 18 , 3 , 0 , 0 , 0 
db 0 , 0 , 0 , 19 , 48 , 48 , 48 , 49 , 50 , 48 , 48 , 48 , 35 , 0 , 0 , 0 
db 0 , 0 , 0 , 19 , 48 , 48 , 48 , 48 , 48 , 48 , 48 , 48 , 35 , 0 , 0 , 0 
db 0 , 0 , 1 , 50 , 48 , 18 , 48 , 48 , 48 , 48 , 33 , 48 , 49 , 2 , 0 , 0 
db 0 , 0 , 1 , 50 , 48 , 3 , 50 , 48 , 48 , 49 , 3 , 48 , 49 , 2 , 0 , 0 
db 0 , 0 , 1 , 50 , 49 , 35 , 16 , 48 , 48 , 32 , 19 , 50 , 49 , 2 , 0 , 0 
db 0 , 0 , 1 , 50 , 35 , 2 , 3 , 48 , 48 , 3 , 1 , 19 , 49 , 2 , 0 , 0 
db 0 , 0 , 1 , 49 , 2 , 0 , 1 , 16 , 32 , 2 , 0 , 1 , 50 , 2 , 0 , 0 
db 0 , 0 , 1 , 35 , 0 , 0 , 0 , 3 , 3 , 0 , 0 , 0 , 19 , 2 , 0 , 0 
db 0 , 0 , 1 , 2 , 0 , 0 , 0 , 0 , 0 , 0 , 0 , 0 , 1 , 2 , 0 , 0 
db 0 , 0 , 0 , 0 , 0 , 0 , 0 , 0 , 0 , 0 , 0 , 0 , 0 , 0 , 0 , 0 
db 0 , 0 , 0 , 0 , 0 , 0 , 0 , 0 , 0 , 0 , 0 , 0 , 0 , 0 , 0 , 0 
db 0 , 0 , 0 , 0 , 0 , 0 , 0 , 0 , 0 , 0 , 0 , 0 , 0 , 0 , 0 , 0 
db 0 , 0 , 0 , 0 , 0 , 0 , 0 , 0 , 0 , 0 , 0 , 0 , 0 , 0 , 0 , 0 
db 0 , 0 , 0 , 0 , 0 , 0 , 0 , 0 , 0 , 0 , 0 , 0 , 0 , 0 , 0 , 0 
db 0 , 0 , 0 , 0 , 0 , 0 , 0 , 0 , 0 , 0 , 0 , 0 , 0 , 0 , 0 , 0 
;------ END IMAGE --------
;------ BEGIN IMAGE --------
db 16 ; ancho
db 32 ; alto
db 0 , 0 , 0 , 0 , 0 , 0 , 0 , 0 , 0 , 0 , 0 , 0 , 0 , 0 , 0 , 0 
db 0 , 0 , 0 , 0 , 0 , 0 , 0 , 0 , 0 , 0 , 0 , 0 , 0 , 0 , 0 , 0 
db 0 , 0 , 0 , 0 , 0 , 0 , 0 , 0 , 0 , 0 , 0 , 0 , 0 , 0 , 0 , 0 
db 0 , 0 , 0 , 0 , 0 , 0 , 0 , 0 , 0 , 0 , 0 , 0 , 0 , 0 , 0 , 0 
db 0 , 0 , 0 , 0 , 0 , 3 , 3 , 3 , 3 , 3 , 3 , 0 , 0 , 0 , 0 , 0 
db 0 , 0 , 0 , 0 , 3 , 48 , 48 , 48 , 48 , 48 , 48 , 3 , 0 , 0 , 0 , 0 
db 0 , 0 , 0 , 3 , 50 , 48 , 33 , 3 , 3 , 18 , 48 , 49 , 3 , 0 , 0 , 0 
db 0 , 0 , 1 , 19 , 48 , 33 , 3 , 51 , 51 , 3 , 18 , 48 , 35 , 2 , 0 , 0 
db 0 , 0 , 1 , 50 , 50 , 3 , 51 , 35 , 3 , 3 , 3 , 49 , 49 , 2 , 0 , 0 
db 0 , 0 , 1 , 49 , 48 , 3 , 35 , 3 , 3 , 3 , 3 , 48 , 50 , 2 , 0 , 0 
db 0 , 0 , 1 , 50 , 50 , 3 , 3 , 3 , 3 , 3 , 3 , 49 , 49 , 2 , 0 , 0 
db 0 , 0 , 1 , 51 , 49 , 3 , 3 , 3 , 3 , 3 , 3 , 50 , 51 , 2 , 0 , 0 
db 0 , 0 , 1 , 50 , 50 , 35 , 3 , 3 , 3 , 3 , 19 , 49 , 49 , 2 , 0 , 0 
db 0 , 0 , 1 , 51 , 49 , 49 , 3 , 3 , 3 , 3 , 50 , 50 , 51 , 2 , 0 , 0 
db 0 , 0 , 0 , 19 , 18 , 50 , 35 , 3 , 3 , 19 , 49 , 33 , 35 , 0 , 0 , 0 
db 0 , 0 , 0 , 2 , 3 , 48 , 49 , 3 , 3 , 50 , 48 , 3 , 1 , 0 , 0 , 0 
db 0 , 0 , 0 , 3 , 33 , 48 , 48 , 35 , 19 , 48 , 48 , 18 , 3 , 0 , 0 , 0 
db 0 , 0 , 0 , 19 , 48 , 48 , 48 , 49 , 50 , 48 , 48 , 48 , 35 , 0 , 0 , 0 
db 0 , 0 , 0 , 19 , 48 , 48 , 48 , 48 , 48 , 48 , 48 , 48 , 35 , 0 , 0 , 0 
db 0 , 0 , 1 , 50 , 48 , 18 , 48 , 48 , 48 , 48 , 33 , 48 , 49 , 2 , 0 , 0 
db 0 , 0 , 1 , 50 , 48 , 3 , 50 , 48 , 48 , 49 , 3 , 48 , 49 , 2 , 0 , 0 
db 0 , 0 , 1 , 50 , 49 , 35 , 16 , 48 , 48 , 32 , 19 , 50 , 49 , 2 , 0 , 0 
db 0 , 0 , 1 , 50 , 35 , 2 , 3 , 48 , 48 , 3 , 1 , 19 , 49 , 2 , 0 , 0 
db 0 , 0 , 1 , 49 , 2 , 0 , 1 , 16 , 32 , 2 , 0 , 1 , 50 , 2 , 0 , 0 
db 0 , 0 , 1 , 35 , 0 , 0 , 0 , 3 , 3 , 0 , 0 , 0 , 19 , 2 , 0 , 0 
db 0 , 0 , 1 , 2 , 0 , 0 , 0 , 0 , 0 , 0 , 0 , 0 , 1 , 2 , 0 , 0 
db 0 , 0 , 0 , 0 , 0 , 0 , 0 , 0 , 0 , 0 , 0 , 0 , 0 , 0 , 0 , 0 
db 0 , 0 , 0 , 0 , 0 , 0 , 0 , 0 , 0 , 0 , 0 , 0 , 0 , 0 , 0 , 0 
db 0 , 0 , 0 , 0 , 0 , 0 , 0 , 0 , 0 , 0 , 0 , 0 , 0 , 0 , 0 , 0 
db 0 , 0 , 0 , 0 , 0 , 0 , 0 , 0 , 0 , 0 , 0 , 0 , 0 , 0 , 0 , 0 
db 0 , 0 , 0 , 0 , 0 , 0 , 0 , 0 , 0 , 0 , 0 , 0 , 0 , 0 , 0 , 0 
db 0 , 0 , 0 , 0 , 0 , 0 , 0 , 0 , 0 , 0 , 0 , 0 , 0 , 0 , 0 , 0 
;------ END IMAGE --------
