;------ BEGIN SPRITE --------
db 5 ; ancho
db 20 ; alto
db 192 , 128 , 0 , 64 , 192 
db 192 , 0 , 0 , 0 , 192 
db 128 , 0 , 0 , 0 , 64 
db 128 , 0 , 0 , 0 , 64 
db 0 , 0 , 0 , 0 , 0 
db 0 , 4 , 58 , 8 , 0 
db 0 , 29 , 52 , 44 , 0 
db 0 , 24 , 52 , 44 , 0 
db 0 , 62 , 56 , 52 , 0 
db 0 , 52 , 56 , 52 , 0 
db 0 , 52 , 56 , 52 , 0 
db 0 , 52 , 60 , 56 , 0 
db 0 , 56 , 52 , 56 , 0 
db 0 , 24 , 52 , 44 , 0 
db 0 , 28 , 56 , 36 , 0 
db 0 , 4 , 61 , 8 , 0 
db 128 , 0 , 0 , 0 , 64 
db 128 , 0 , 0 , 0 , 64 
db 192 , 0 , 0 , 0 , 192 
db 192 , 128 , 0 , 64 , 192 
;------ END SPRITE --------
;------ BEGIN SPRITE --------
db 5 ; ancho
db 20 ; alto
db 0 , 0 , 0 , 64 , 192 
db 0 , 0 , 0 , 0 , 192 
db 0 , 0 , 0 , 0 , 64 
db 0 , 0 , 0 , 0 , 64 
db 0 , 0 , 0 , 0 , 0 
db 0 , 4 , 58 , 8 , 0 
db 0 , 29 , 52 , 44 , 0 
db 0 , 24 , 52 , 44 , 0 
db 0 , 62 , 56 , 52 , 0 
db 0 , 52 , 56 , 52 , 0 
db 0 , 52 , 56 , 52 , 0 
db 0 , 52 , 60 , 56 , 0 
db 0 , 56 , 52 , 56 , 0 
db 0 , 24 , 52 , 44 , 0 
db 0 , 28 , 56 , 36 , 0 
db 0 , 4 , 61 , 8 , 0 
db 0 , 0 , 0 , 0 , 64 
db 0 , 0 , 0 , 0 , 64 
db 0 , 0 , 0 , 0 , 192 
db 0 , 0 , 0 , 64 , 192 
;------ END SPRITE --------
