;------ BEGIN IMAGE --------
db 3 ; ancho
db 16 ; alto
db 0 , 0 , 0 
db 0 , 0 , 0 
db 7 , 1 , 14 
db 11 , 6 , 13 
db 2 , 11 , 4 
db 7 , 7 , 14 
db 6 , 11 , 6 
db 1 , 7 , 8 
db 3 , 15 , 12 
db 1 , 6 , 8 
db 0 , 15 , 0 
db 0 , 6 , 0 
db 0 , 0 , 0 
db 0 , 0 , 0 
db 0 , 0 , 0 
db 0 , 0 , 0 
;------ END IMAGE --------
;------ BEGIN IMAGE --------
db 3 ; ancho
db 16 ; alto
db 8 , 0 , 0 
db 0 , 0 , 0 
db 10 , 0 , 5 
db 6 , 0 , 6 
db 15 , 0 , 15 
db 2 , 6 , 4 
db 2 , 11 , 12 
db 1 , 7 , 8 
db 2 , 11 , 12 
db 3 , 7 , 12 
db 1 , 15 , 8 
db 3 , 6 , 12 
db 6 , 15 , 6 
db 4 , 6 , 2 
db 12 , 0 , 3 
db 10 , 0 , 5 
;------ END IMAGE --------
;------ BEGIN IMAGE --------
db 8 ; ancho
db 16 ; alto
db 0 , 0 , 0 , 0 , 0 , 0 , 0 , 0 
db 0 , 0 , 0 , 0 , 0 , 0 , 0 , 0 
db 0 , 0 , 0 , 0 , 0 , 0 , 0 , 0 
db 0 , 0 , 16 , 240 , 240 , 128 , 0 , 0 
db 0 , 0 , 112 , 0 , 64 , 192 , 0 , 0 
db 0 , 0 , 192 , 0 , 64 , 96 , 0 , 0 
db 0 , 16 , 0 , 0 , 64 , 32 , 0 , 0 
db 112 , 240 , 0 , 0 , 64 , 48 , 0 , 0 
db 240 , 240 , 240 , 240 , 240 , 240 , 0 , 0 
db 30 , 240 , 240 , 224 , 240 , 240 , 0 , 0 
db 60 , 240 , 240 , 224 , 240 , 240 , 0 , 0 
db 240 , 192 , 96 , 16 , 128 , 224 , 0 , 0 
db 240 , 131 , 48 , 240 , 6 , 96 , 0 , 0 
db 0 , 52 , 8 , 0 , 105 , 0 , 0 , 0 
db 0 , 52 , 8 , 0 , 105 , 0 , 0 , 0 
db 0 , 3 , 0 , 0 , 6 , 0 , 0 , 0 
;------ END IMAGE --------
;------ BEGIN IMAGE --------
db 4 ; ancho
db 12 ; alto
db 0 , 4 , 0 , 0 
db 0 , 9 , 12 , 0 
db 0 , 15 , 13 , 0 
db 0 , 12 , 11 , 12 
db 0 , 1 , 5 , 6 
db 0 , 6 , 11 , 15 
db 0 , 7 , 15 , 15 
db 0 , 3 , 15 , 6 
db 0 , 12 , 11 , 12 
db 0 , 15 , 13 , 0 
db 0 , 9 , 12 , 0 
db 0 , 4 , 0 , 0 
;------ END IMAGE --------
;------ BEGIN IMAGE --------
db 5 ; ancho
db 12 ; alto
db 0 , 10 , 0 , 0 , 1 
db 0 , 7 , 0 , 0 , 14 
db 0 , 9 , 8 , 3 , 9 
db 0 , 0 , 10 , 14 , 0 
db 0 , 0 , 13 , 5 , 0 
db 0 , 1 , 10 , 15 , 8 
db 0 , 1 , 15 , 15 , 8 
db 0 , 0 , 15 , 13 , 0 
db 0 , 0 , 11 , 14 , 0 
db 0 , 9 , 8 , 3 , 9 
db 0 , 7 , 0 , 0 , 14 
db 0 , 10 , 0 , 0 , 1 
;------ END IMAGE --------
;------ BEGIN IMAGE --------
db 4 ; ancho
db 16 ; alto
db 0 , 0 , 0 , 0 
db 0 , 0 , 0 , 0 
db 0 , 0 , 0 , 0 
db 0 , 1 , 8 , 0 
db 0 , 3 , 12 , 0 
db 0 , 5 , 10 , 0 
db 0 , 15 , 15 , 0 
db 0 , 15 , 15 , 0 
db 0 , 5 , 14 , 0 
db 1 , 10 , 15 , 8 
db 1 , 13 , 13 , 8 
db 0 , 10 , 11 , 0 
db 2 , 13 , 11 , 4 
db 1 , 12 , 3 , 8 
db 0 , 0 , 0 , 0 
db 0 , 0 , 0 , 0 
;------ END IMAGE --------
;------ BEGIN IMAGE --------
db 4 ; ancho
db 16 ; alto
db 0 , 0 , 0 , 0 
db 0 , 0 , 0 , 0 
db 1 , 12 , 3 , 8 
db 2 , 13 , 11 , 4 
db 0 , 10 , 11 , 0 
db 1 , 13 , 13 , 8 
db 1 , 10 , 15 , 8 
db 0 , 5 , 14 , 0 
db 0 , 15 , 15 , 0 
db 0 , 15 , 15 , 0 
db 0 , 5 , 10 , 0 
db 0 , 3 , 12 , 0 
db 0 , 1 , 8 , 0 
db 0 , 0 , 0 , 0 
db 0 , 0 , 0 , 0 
db 0 , 0 , 0 , 0 
;------ END IMAGE --------
;------ BEGIN IMAGE --------
db 4 ; ancho
db 16 ; alto
db 2 , 8 , 1 , 4 
db 3 , 0 , 0 , 12 
db 1 , 1 , 8 , 8 
db 1 , 11 , 13 , 8 
db 0 , 13 , 11 , 0 
db 0 , 7 , 14 , 0 
db 0 , 13 , 15 , 0 
db 0 , 10 , 15 , 0 
db 0 , 5 , 14 , 0 
db 0 , 10 , 15 , 0 
db 0 , 9 , 9 , 0 
db 3 , 12 , 3 , 12 
db 1 , 8 , 1 , 8 
db 2 , 8 , 1 , 4 
db 0 , 0 , 0 , 0 
db 0 , 0 , 0 , 0 
;------ END IMAGE --------
;------ BEGIN IMAGE --------
db 4 ; ancho
db 16 ; alto
db 0 , 0 , 0 , 0 
db 0 , 0 , 0 , 0 
db 2 , 8 , 1 , 4 
db 1 , 8 , 1 , 8 
db 3 , 12 , 3 , 12 
db 0 , 9 , 9 , 0 
db 0 , 10 , 15 , 0 
db 0 , 5 , 14 , 0 
db 0 , 10 , 15 , 0 
db 0 , 13 , 15 , 0 
db 0 , 7 , 14 , 0 
db 0 , 13 , 11 , 0 
db 1 , 11 , 13 , 8 
db 1 , 1 , 8 , 8 
db 3 , 0 , 0 , 12 
db 2 , 8 , 1 , 4 
;------ END IMAGE --------
;------ BEGIN IMAGE --------
db 8 ; ancho
db 16 ; alto
db 0 , 0 , 0 , 0 , 0 , 0 , 0 , 0 
db 0 , 0 , 0 , 0 , 0 , 0 , 0 , 0 
db 0 , 15 , 15 , 15 , 15 , 15 , 15 , 14 
db 0 , 9 , 0 , 4 , 0 , 4 , 0 , 9 
db 0 , 9 , 96 , 4 , 48 , 4 , 128 , 9 
db 0 , 9 , 96 , 20 , 176 , 4 , 192 , 9 
db 0 , 9 , 64 , 20 , 176 , 4 , 192 , 73 
db 0 , 9 , 96 , 148 , 160 , 4 , 128 , 73 
db 0 , 15 , 15 , 15 , 15 , 15 , 15 , 15 
db 0 , 195 , 15 , 120 , 195 , 60 , 135 , 105 
db 0 , 15 , 15 , 75 , 15 , 45 , 15 , 15 
db 0 , 30 , 48 , 15 , 15 , 15 , 0 , 15 
db 0 , 96 , 28 , 135 , 15 , 14 , 6 , 7 
db 0 , 193 , 2 , 240 , 240 , 224 , 9 , 7 
db 0 , 65 , 2 , 0 , 0 , 0 , 9 , 0 
db 0 , 0 , 12 , 0 , 0 , 0 , 6 , 0 
;------ END IMAGE --------
;------ BEGIN IMAGE --------
db 8 ; ancho
db 16 ; alto
db 0 , 0 , 0 , 0 , 0 , 15 , 0 , 0 
db 0 , 0 , 0 , 0 , 1 , 15 , 8 , 0 
db 0 , 0 , 0 , 0 , 32 , 14 , 0 , 0 
db 0 , 112 , 0 , 32 , 176 , 6 , 2 , 0 
db 0 , 15 , 8 , 208 , 80 , 7 , 6 , 0 
db 0 , 195 , 60 , 160 , 176 , 144 , 7 , 0 
db 0 , 16 , 15 , 120 , 64 , 224 , 15 , 12 
db 0 , 3 , 24 , 60 , 144 , 224 , 15 , 2 
db 0 , 66 , 0 , 6 , 224 , 193 , 12 , 0 
db 0 , 133 , 12 , 80 , 224 , 135 , 9 , 12 
db 0 , 10 , 2 , 48 , 224 , 15 , 2 , 2 
db 0 , 20 , 193 , 48 , 192 , 3 , 20 , 193 
db 0 , 20 , 73 , 48 , 128 , 0 , 20 , 73 
db 0 , 20 , 193 , 48 , 192 , 0 , 20 , 193 
db 0 , 2 , 2 , 16 , 192 , 0 , 2 , 2 
db 0 , 1 , 12 , 0 , 0 , 0 , 1 , 12 
;------ END IMAGE --------
;------ BEGIN IMAGE --------
db 8 ; ancho
db 16 ; alto
db 0 , 0 , 15 , 0 , 0 , 0 , 0 , 0 
db 0 , 1 , 15 , 8 , 0 , 0 , 0 , 0 
db 0 , 0 , 7 , 64 , 0 , 0 , 0 , 0 
db 0 , 4 , 6 , 208 , 64 , 0 , 224 , 0 
db 0 , 6 , 14 , 160 , 176 , 1 , 15 , 0 
db 0 , 14 , 144 , 208 , 80 , 195 , 60 , 0 
db 3 , 15 , 112 , 32 , 225 , 15 , 128 , 0 
db 4 , 15 , 112 , 144 , 195 , 129 , 12 , 0 
db 0 , 3 , 56 , 112 , 6 , 0 , 36 , 0 
db 3 , 9 , 30 , 112 , 160 , 3 , 26 , 0 
db 4 , 4 , 15 , 112 , 192 , 4 , 5 , 0 
db 56 , 130 , 12 , 48 , 192 , 56 , 130 , 0 
db 41 , 130 , 0 , 16 , 192 , 41 , 130 , 0 
db 56 , 130 , 0 , 48 , 192 , 56 , 130 , 0 
db 4 , 4 , 0 , 48 , 128 , 4 , 4 , 0 
db 3 , 8 , 0 , 0 , 0 , 3 , 8 , 0 
;------ END IMAGE --------
;------ BEGIN IMAGE --------
db 8 ; ancho
db 16 ; alto
db 0 , 0 , 0 , 0 , 0 , 0 , 0 , 0 
db 0 , 0 , 0 , 0 , 0 , 0 , 0 , 0 
db 7 , 15 , 15 , 15 , 15 , 15 , 15 , 0 
db 9 , 0 , 2 , 0 , 2 , 0 , 9 , 0 
db 9 , 16 , 2 , 192 , 2 , 96 , 9 , 0 
db 9 , 48 , 2 , 208 , 130 , 96 , 9 , 0 
db 41 , 48 , 2 , 208 , 130 , 32 , 9 , 0 
db 41 , 16 , 2 , 80 , 146 , 96 , 9 , 0 
db 15 , 15 , 15 , 15 , 15 , 15 , 15 , 0 
db 105 , 30 , 195 , 60 , 225 , 15 , 60 , 0 
db 15 , 15 , 75 , 15 , 45 , 15 , 15 , 0 
db 15 , 0 , 15 , 15 , 15 , 192 , 135 , 0 
db 14 , 6 , 7 , 15 , 30 , 131 , 96 , 0 
db 14 , 9 , 112 , 240 , 240 , 4 , 56 , 0 
db 0 , 9 , 0 , 0 , 0 , 4 , 40 , 0 
db 0 , 6 , 0 , 0 , 0 , 3 , 0 , 0 
;------ END IMAGE --------
;------ BEGIN IMAGE --------
db 8 ; ancho
db 16 ; alto
db 0 , 0 , 0 , 0 , 0 , 0 , 0 , 0 
db 0 , 0 , 0 , 0 , 0 , 0 , 0 , 0 
db 0 , 0 , 0 , 0 , 0 , 0 , 0 , 0 
db 0 , 0 , 16 , 240 , 240 , 128 , 0 , 0 
db 0 , 0 , 48 , 32 , 0 , 224 , 0 , 0 
db 0 , 0 , 96 , 32 , 0 , 48 , 0 , 0 
db 0 , 0 , 64 , 32 , 0 , 0 , 128 , 0 
db 0 , 0 , 192 , 32 , 0 , 0 , 240 , 224 
db 0 , 0 , 240 , 240 , 240 , 240 , 240 , 240 
db 0 , 0 , 240 , 240 , 112 , 240 , 240 , 135 
db 0 , 0 , 240 , 240 , 112 , 240 , 240 , 195 
db 0 , 0 , 112 , 16 , 128 , 96 , 48 , 240 
db 0 , 0 , 96 , 6 , 240 , 192 , 28 , 240 
db 0 , 0 , 0 , 105 , 0 , 1 , 194 , 0 
db 0 , 0 , 0 , 105 , 0 , 1 , 194 , 0 
db 0 , 0 , 0 , 6 , 0 , 0 , 12 , 0 
;------ END IMAGE --------
;------ BEGIN IMAGE --------
db 4 ; ancho
db 16 ; alto
db 240 , 240 , 240 , 240 
db 240 , 240 , 240 , 240 
db 240 , 240 , 240 , 240 
db 240 , 210 , 15 , 128 
db 240 , 132 , 4 , 64 
db 240 , 128 , 32 , 64 
db 240 , 24 , 32 , 0 
db 240 , 33 , 129 , 0 
db 240 , 11 , 24 , 192 
db 240 , 131 , 24 , 0 
db 240 , 41 , 129 , 0 
db 240 , 16 , 48 , 48 
db 240 , 8 , 18 , 0 
db 240 , 132 , 64 , 128 
db 240 , 195 , 133 , 4 
db 240 , 240 , 240 , 240 
;------ END IMAGE --------
;------ BEGIN IMAGE --------
db 4 ; ancho
db 16 ; alto
db 240 , 240 , 240 , 240 
db 240 , 240 , 240 , 240 
db 240 , 240 , 240 , 240 
db 16 , 15 , 180 , 240 
db 32 , 2 , 18 , 240 
db 32 , 64 , 16 , 240 
db 0 , 64 , 129 , 240 
db 0 , 24 , 72 , 240 
db 48 , 129 , 13 , 240 
db 0 , 129 , 28 , 240 
db 0 , 24 , 73 , 240 
db 192 , 192 , 128 , 240 
db 0 , 132 , 1 , 240 
db 16 , 32 , 18 , 240 
db 2 , 26 , 60 , 240 
db 240 , 240 , 240 , 240 
;------ END IMAGE --------
;------ BEGIN IMAGE --------
db 4 ; ancho
db 16 ; alto
db 240 , 240 , 240 , 240 
db 240 , 240 , 240 , 240 
db 240 , 240 , 240 , 240 
db 16 , 15 , 180 , 240 
db 32 , 0 , 18 , 240 
db 32 , 64 , 16 , 240 
db 0 , 48 , 193 , 240 
db 0 , 0 , 0 , 240 
db 48 , 128 , 225 , 240 
db 0 , 0 , 22 , 240 
db 0 , 0 , 1 , 240 
db 192 , 192 , 0 , 240 
db 0 , 240 , 193 , 240 
db 16 , 32 , 18 , 240 
db 2 , 18 , 60 , 240 
db 240 , 240 , 240 , 240 
;------ END IMAGE --------
;------ BEGIN IMAGE --------
db 4 ; ancho
db 16 ; alto
db 240 , 240 , 240 , 240 
db 240 , 240 , 240 , 240 
db 240 , 240 , 240 , 240 
db 240 , 210 , 15 , 0 
db 240 , 132 , 4 , 0 
db 240 , 128 , 32 , 0 
db 240 , 24 , 32 , 0 
db 240 , 33 , 129 , 0 
db 240 , 11 , 24 , 240 
db 240 , 131 , 24 , 160 
db 240 , 41 , 129 , 80 
db 240 , 16 , 48 , 160 
db 240 , 8 , 18 , 80 
db 240 , 132 , 64 , 160 
db 240 , 195 , 133 , 4 
db 240 , 240 , 240 , 240 
;------ END IMAGE --------
;------ BEGIN IMAGE --------
db 4 ; ancho
db 16 ; alto
db 240 , 240 , 240 , 240 
db 240 , 240 , 240 , 240 
db 240 , 240 , 240 , 240 
db 0 , 15 , 180 , 240 
db 0 , 0 , 18 , 240 
db 0 , 64 , 16 , 240 
db 0 , 48 , 193 , 240 
db 0 , 0 , 0 , 240 
db 240 , 128 , 225 , 240 
db 0 , 0 , 16 , 240 
db 0 , 0 , 1 , 240 
db 80 , 64 , 1 , 240 
db 160 , 144 , 195 , 240 
db 80 , 160 , 18 , 240 
db 160 , 18 , 60 , 240 
db 240 , 240 , 240 , 240 
;------ END IMAGE --------
;------ BEGIN IMAGE --------
db 16 ; ancho
db 16 ; alto
db 240 , 240 , 240 , 240 , 240 , 240 , 240 , 240 , 240 , 240 , 240 , 240 , 240 , 240 , 240 , 240 
db 224 , 0 , 0 , 0 , 0 , 0 , 0 , 0 , 0 , 0 , 0 , 0 , 0 , 0 , 0 , 60 
db 194 , 12 , 0 , 0 , 0 , 0 , 0 , 0 , 0 , 0 , 0 , 0 , 0 , 0 , 0 , 18 
db 132 , 2 , 0 , 0 , 0 , 0 , 7 , 12 , 0 , 0 , 0 , 0 , 0 , 0 , 0 , 30 
db 8 , 2 , 0 , 15 , 0 , 0 , 0 , 3 , 0 , 0 , 0 , 0 , 0 , 18 , 30 , 3 
db 9 , 0 , 0 , 0 , 15 , 8 , 0 , 0 , 0 , 0 , 0 , 0 , 0 , 0 , 0 , 0 
db 10 , 129 , 0 , 0 , 0 , 0 , 0 , 0 , 0 , 0 , 0 , 0 , 0 , 0 , 0 , 0 
db 2 , 1 , 165 , 0 , 0 , 0 , 0 , 0 , 0 , 0 , 0 , 0 , 0 , 0 , 0 , 1 
db 2 , 128 , 0 , 0 , 0 , 0 , 0 , 0 , 0 , 0 , 1 , 90 , 8 , 0 , 0 , 1 
db 2 , 128 , 0 , 0 , 0 , 18 , 74 , 0 , 0 , 0 , 0 , 0 , 0 , 0 , 16 , 193 
db 2 , 129 , 0 , 0 , 0 , 0 , 16 , 90 , 75 , 8 , 0 , 0 , 0 , 1 , 5 , 5 
db 9 , 1 , 0 , 64 , 192 , 0 , 0 , 0 , 0 , 0 , 0 , 0 , 0 , 0 , 10 , 26 
db 8 , 0 , 0 , 112 , 0 , 5 , 0 , 0 , 0 , 1 , 0 , 0 , 1 , 5 , 5 , 22 
db 132 , 2 , 10 , 74 , 10 , 10 , 8 , 2 , 10 , 10 , 10 , 10 , 10 , 10 , 10 , 30 
db 195 , 5 , 5 , 133 , 5 , 5 , 5 , 5 , 5 , 5 , 5 , 5 , 5 , 5 , 5 , 60 
db 240 , 240 , 240 , 240 , 240 , 240 , 240 , 240 , 240 , 240 , 240 , 240 , 240 , 240 , 240 , 240 
;------ END IMAGE --------
;------ BEGIN IMAGE --------
db 4 ; ancho
db 16 ; alto
db 225 , 60 , 240 , 135 
db 225 , 60 , 240 , 30 
db 240 , 14 , 0 , 150 
db 240 , 164 , 0 , 82 
db 240 , 16 , 0 , 144 
db 134 , 0 , 240 , 0 
db 11 , 16 , 16 , 0 
db 15 , 96 , 0 , 224 
db 15 , 32 , 0 , 144 
db 11 , 16 , 16 , 0 
db 134 , 0 , 240 , 0 
db 240 , 16 , 0 , 144 
db 240 , 164 , 0 , 82 
db 240 , 14 , 0 , 150 
db 225 , 60 , 240 , 30 
db 225 , 60 , 240 , 135 
;------ END IMAGE --------
;------ BEGIN IMAGE --------
db 4 ; ancho
db 16 ; alto
db 240 , 195 , 120 , 240 
db 240 , 135 , 240 , 225 
db 240 , 134 , 0 , 135 
db 240 , 164 , 0 , 67 
db 240 , 16 , 0 , 144 
db 134 , 0 , 240 , 0 
db 11 , 16 , 16 , 0 
db 15 , 96 , 0 , 224 
db 15 , 32 , 0 , 144 
db 11 , 16 , 16 , 0 
db 134 , 0 , 240 , 0 
db 240 , 16 , 0 , 144 
db 240 , 164 , 0 , 67 
db 240 , 134 , 0 , 135 
db 240 , 135 , 240 , 225 
db 240 , 195 , 120 , 240 
;------ END IMAGE --------
;------ BEGIN IMAGE --------
db 4 ; ancho
db 16 ; alto
db 240 , 240 , 240 , 240 
db 240 , 240 , 240 , 240 
db 240 , 208 , 176 , 240 
db 224 , 160 , 80 , 112 
db 208 , 80 , 160 , 176 
db 160 , 160 , 80 , 80 
db 80 , 80 , 160 , 160 
db 160 , 176 , 208 , 80 
db 160 , 176 , 208 , 80 
db 80 , 80 , 160 , 160 
db 160 , 160 , 80 , 80 
db 208 , 80 , 160 , 176 
db 224 , 160 , 80 , 112 
db 240 , 208 , 176 , 240 
db 240 , 240 , 240 , 240 
db 240 , 240 , 240 , 240 
;------ END IMAGE --------
;------ BEGIN IMAGE --------
db 4 ; ancho
db 16 ; alto
db 240 , 240 , 240 , 240 
db 240 , 240 , 240 , 240 
db 240 , 240 , 240 , 240 
db 240 , 240 , 240 , 240 
db 240 , 240 , 240 , 240 
db 240 , 240 , 240 , 240 
db 224 , 48 , 0 , 16 
db 129 , 12 , 15 , 14 
db 7 , 210 , 193 , 15 
db 15 , 30 , 30 , 7 
db 15 , 45 , 15 , 15 
db 7 , 15 , 15 , 14 
db 131 , 15 , 15 , 28 
db 192 , 7 , 14 , 48 
db 240 , 128 , 16 , 240 
db 240 , 240 , 240 , 240 
;------ END IMAGE --------
;------ BEGIN IMAGE --------
db 4 ; ancho
db 16 ; alto
db 240 , 240 , 240 , 240 
db 240 , 240 , 240 , 240 
db 208 , 240 , 240 , 176 
db 224 , 192 , 48 , 112 
db 224 , 144 , 144 , 112 
db 224 , 144 , 144 , 112 
db 112 , 48 , 192 , 224 
db 176 , 80 , 160 , 208 
db 192 , 160 , 80 , 48 
db 208 , 80 , 160 , 176 
db 192 , 128 , 16 , 48 
db 176 , 80 , 160 , 208 
db 160 , 128 , 16 , 80 
db 176 , 80 , 160 , 208 
db 208 , 192 , 48 , 176 
db 224 , 48 , 192 , 112 
;------ END IMAGE --------
;------ BEGIN IMAGE --------
db 4 ; ancho
db 16 ; alto
db 240 , 240 , 240 , 240 
db 240 , 240 , 240 , 240 
db 208 , 240 , 240 , 176 
db 224 , 192 , 48 , 112 
db 224 , 144 , 144 , 112 
db 224 , 129 , 24 , 112 
db 112 , 33 , 72 , 224 
db 176 , 82 , 164 , 208 
db 192 , 224 , 112 , 48 
db 208 , 73 , 41 , 176 
db 193 , 132 , 18 , 56 
db 176 , 73 , 41 , 208 
db 161 , 132 , 18 , 88 
db 176 , 73 , 41 , 208 
db 208 , 192 , 48 , 176 
db 224 , 32 , 64 , 112 
;------ END IMAGE --------

g;------ BEGIN IMAGE --------
db 14 ; ancho
db 24 ; alto
db 7 , 12 , 7 , 12 , 7 , 8 , 7 , 8 , 3 , 12 , 3 , 12 , 7 , 14 
db 8 , 2 , 8 , 66 , 8 , 132 , 8 , 132 , 4 , 66 , 4 , 66 , 8 , 33 
db 8 , 194 , 8 , 66 , 8 , 133 , 0 , 132 , 8 , 66 , 4 , 66 , 8 , 33 
db 41 , 12 , 8 , 66 , 8 , 133 , 33 , 8 , 24 , 12 , 20 , 132 , 8 , 33 
db 41 , 0 , 9 , 66 , 9 , 133 , 66 , 0 , 41 , 0 , 5 , 0 , 9 , 33 
db 41 , 12 , 8 , 66 , 8 , 133 , 66 , 4 , 41 , 2 , 5 , 0 , 8 , 33 
db 40 , 66 , 8 , 66 , 8 , 133 , 66 , 74 , 41 , 37 , 20 , 8 , 8 , 66 
db 40 , 66 , 8 , 132 , 8 , 133 , 66 , 74 , 41 , 37 , 20 , 8 , 8 , 132 
db 41 , 12 , 24 , 8 , 8 , 133 , 66 , 74 , 41 , 37 , 5 , 0 , 24 , 12 
db 41 , 0 , 9 , 132 , 8 , 133 , 1 , 66 , 8 , 41 , 20 , 12 , 41 , 66 
db 41 , 0 , 9 , 66 , 8 , 133 , 32 , 132 , 8 , 66 , 4 , 66 , 41 , 33 
db 41 , 0 , 9 , 66 , 20 , 9 , 48 , 8 , 4 , 132 , 4 , 66 , 9 , 97 
db 6 , 0 , 6 , 12 , 3 , 0 , 15 , 0 , 3 , 8 , 3 , 12 , 6 , 14 
db 0 , 0 , 0 , 0 , 0 , 0 , 0 , 0 , 0 , 0 , 0 , 0 , 0 , 0 
db 96 , 0 , 16 , 128 , 0 , 0 , 0 , 0 , 0 , 0 , 0 , 0 , 0 , 0 
db 150 , 112 , 161 , 72 , 1 , 224 , 120 , 193 , 240 , 120 , 192 , 192 , 146 , 224 
db 15 , 135 , 75 , 12 , 18 , 128 , 16 , 18 , 128 , 72 , 37 , 160 , 164 , 18 
db 13 , 15 , 15 , 36 , 18 , 128 , 18 , 18 , 0 , 72 , 37 , 160 , 164 , 18 
db 15 , 15 , 15 , 44 , 18 , 192 , 18 , 18 , 192 , 72 , 37 , 144 , 164 , 18 
db 135 , 15 , 15 , 14 , 18 , 128 , 18 , 18 , 0 , 120 , 193 , 144 , 164 , 18 
db 13 , 15 , 15 , 6 , 1 , 240 , 18 , 1 , 240 , 72 , 37 , 128 , 146 , 224 
db 14 , 7 , 12 , 14 , 0 , 0 , 0 , 0 , 0 , 0 , 0 , 0 , 0 , 0 
db 135 , 8 , 3 , 72 , 0 , 0 , 0 , 0 , 0 , 0 , 0 , 0 , 0 , 0 
db 97 , 15 , 15 , 128 , 0 , 0 , 0 , 0 , 0 , 0 , 0 , 0 , 0 , 0 
;------ END IMAGE --------
***********************************C***{B