;------ BEGIN IMAGE --------
db 5 ; ancho
db 16 ; alto
db 0 , 0 , 0 , 0 , 0 
db 0 , 4 , 0 , 2 , 0 
db 0 , 14 , 0 , 7 , 0 
db 0 , 12 , 6 , 3 , 0 
db 0 , 6 , 15 , 6 , 0 
db 0 , 7 , 6 , 14 , 0 
db 0 , 3 , 15 , 12 , 0 
db 0 , 1 , 15 , 8 , 0 
db 0 , 1 , 15 , 8 , 0 
db 0 , 0 , 15 , 0 , 0 
db 0 , 1 , 15 , 8 , 0 
db 0 , 3 , 15 , 12 , 0 
db 0 , 2 , 6 , 4 , 0 
db 0 , 15 , 0 , 15 , 0 
db 0 , 6 , 0 , 6 , 0 
db 0 , 10 , 0 , 5 , 0 
;------ END IMAGE --------
;------ BEGIN IMAGE --------
db 5 ; ancho
db 16 ; alto
db 0 , 0 , 0 , 0 , 0 
db 0 , 4 , 0 , 2 , 0 
db 0 , 14 , 0 , 7 , 0 
db 0 , 12 , 0 , 3 , 0 
db 0 , 4 , 6 , 2 , 0 
db 0 , 6 , 15 , 6 , 0 
db 0 , 3 , 6 , 12 , 0 
db 0 , 1 , 15 , 8 , 0 
db 0 , 3 , 7 , 12 , 0 
db 0 , 2 , 11 , 12 , 0 
db 0 , 1 , 7 , 8 , 0 
db 0 , 2 , 11 , 12 , 0 
db 0 , 2 , 6 , 4 , 0 
db 0 , 15 , 0 , 15 , 0 
db 0 , 6 , 0 , 6 , 0 
db 0 , 10 , 0 , 5 , 0 
;------ END IMAGE --------
;------ BEGIN IMAGE --------
db 5 ; ancho
db 16 ; alto
db 0 , 0 , 0 , 0 , 0 
db 0 , 0 , 0 , 0 , 0 
db 0 , 0 , 0 , 0 , 0 
db 0 , 0 , 0 , 0 , 0 
db 0 , 0 , 6 , 0 , 0 
db 0 , 0 , 15 , 0 , 0 
db 0 , 9 , 6 , 9 , 0 
db 0 , 7 , 15 , 14 , 0 
db 0 , 1 , 7 , 8 , 0 
db 0 , 6 , 11 , 6 , 0 
db 0 , 7 , 7 , 14 , 0 
db 0 , 2 , 11 , 4 , 0 
db 0 , 11 , 6 , 13 , 0 
db 0 , 7 , 1 , 14 , 0 
db 0 , 0 , 0 , 0 , 0 
db 0 , 0 , 0 , 0 , 0 
;------ END IMAGE --------
;------ BEGIN IMAGE --------
db 4 ; ancho
db 8 ; alto
db 16 , 240 , 240 , 128 
db 48 , 240 , 0 , 192 
db 80 , 112 , 240 , 96 
db 160 , 240 , 240 , 224 
db 208 , 80 , 240 , 224 
db 96 , 160 , 176 , 224 
db 48 , 80 , 112 , 192 
db 16 , 240 , 240 , 128 
;------ END IMAGE --------
;------ BEGIN IMAGE --------
db 4 ; ancho
db 8 ; alto
db 16 , 240 , 240 , 128 
db 112 , 240 , 0 , 192 
db 208 , 112 , 240 , 96 
db 160 , 240 , 240 , 224 
db 80 , 80 , 240 , 224 
db 160 , 160 , 176 , 224 
db 80 , 80 , 112 , 192 
db 0 , 0 , 0 , 0 
;------ END IMAGE --------
;------ BEGIN IMAGE --------
db 4 ; ancho
db 8 ; alto
db 0 , 0 , 0 , 0 
db 112 , 240 , 240 , 192 
db 208 , 240 , 0 , 96 
db 160 , 240 , 240 , 160 
db 80 , 240 , 240 , 224 
db 160 , 176 , 240 , 224 
db 80 , 80 , 80 , 192 
db 32 , 160 , 160 , 128 
;------ END IMAGE --------
;------ BEGIN IMAGE --------
db 4 ; ancho
db 8 ; alto
db 14 , 15 , 14 , 15 
db 14 , 15 , 14 , 15 
db 13 , 13 , 14 , 15 
db 11 , 14 , 15 , 7 
db 11 , 14 , 15 , 15 
db 11 , 14 , 15 , 15 
db 13 , 13 , 15 , 7 
db 15 , 13 , 15 , 7 
;------ END IMAGE --------
;------ BEGIN IMAGE --------
db 3 ; ancho
db 17 ; alto
db 0 , 0 , 0 
db 10 , 0 , 5 
db 12 , 0 , 3 
db 4 , 6 , 2 
db 6 , 15 , 6 
db 3 , 6 , 12 
db 1 , 15 , 8 
db 3 , 7 , 12 
db 2 , 11 , 12 
db 1 , 7 , 8 
db 2 , 11 , 12 
db 2 , 6 , 4 
db 15 , 0 , 15 
db 6 , 0 , 6 
db 10 , 0 , 5 
db 0 , 0 , 0 
db 0 , 0 , 0 
;------ END IMAGE --------
;------ BEGIN IMAGE --------
db 3 ; ancho
db 17 ; alto
db 0 , 0 , 0 
db 0 , 0 , 0 
db 0 , 0 , 0 
db 0 , 0 , 0 
db 0 , 0 , 0 
db 0 , 6 , 0 
db 0 , 15 , 0 
db 1 , 6 , 8 
db 3 , 15 , 12 
db 1 , 7 , 8 
db 6 , 11 , 6 
db 7 , 7 , 14 
db 2 , 11 , 4 
db 11 , 6 , 13 
db 7 , 1 , 14 
db 0 , 0 , 0 
db 0 , 0 , 0 
;------ END IMAGE --------
;------ BEGIN IMAGE --------
db 8 ; ancho
db 48 ; alto
db 0 , 164 , 0 , 0 , 0 , 0 , 0 , 0 
db 0 , 164 , 0 , 0 , 0 , 0 , 0 , 0 
db 0 , 164 , 0 , 0 , 240 , 0 , 0 , 0 
db 0 , 164 , 0 , 80 , 240 , 160 , 0 , 0 
db 0 , 164 , 0 , 80 , 207 , 160 , 0 , 0 
db 0 , 164 , 0 , 240 , 207 , 160 , 0 , 0 
db 0 , 164 , 0 , 229 , 207 , 160 , 0 , 0 
db 0 , 164 , 0 , 229 , 207 , 240 , 0 , 0 
db 0 , 164 , 80 , 240 , 207 , 80 , 0 , 0 
db 0 , 164 , 64 , 112 , 154 , 116 , 160 , 0 
db 0 , 164 , 80 , 48 , 48 , 229 , 168 , 0 
db 0 , 164 , 229 , 48 , 112 , 207 , 138 , 0 
db 0 , 116 , 101 , 48 , 112 , 207 , 138 , 0 
db 0 , 207 , 138 , 240 , 71 , 207 , 168 , 0 
db 0 , 229 , 139 , 82 , 207 , 222 , 160 , 0 
db 0 , 176 , 139 , 3 , 207 , 218 , 0 , 0 
db 0 , 176 , 3 , 3 , 207 , 248 , 0 , 0 
db 0 , 0 , 240 , 3 , 168 , 80 , 0 , 0 
db 0 , 0 , 80 , 0 , 16 , 112 , 0 , 0 
db 0 , 0 , 0 , 176 , 32 , 160 , 0 , 0 
db 0 , 0 , 0 , 176 , 101 , 138 , 0 , 0 
db 0 , 0 , 0 , 240 , 207 , 138 , 0 , 0 
db 0 , 0 , 80 , 240 , 207 , 207 , 0 , 0 
db 0 , 0 , 80 , 240 , 207 , 207 , 0 , 0 
db 0 , 0 , 80 , 218 , 229 , 207 , 0 , 0 
db 0 , 0 , 80 , 207 , 80 , 207 , 0 , 0 
db 0 , 0 , 80 , 207 , 80 , 218 , 0 , 0 
db 0 , 0 , 80 , 207 , 80 , 176 , 0 , 0 
db 0 , 0 , 0 , 138 , 0 , 176 , 0 , 0 
db 0 , 0 , 0 , 176 , 80 , 48 , 0 , 0 
db 0 , 0 , 80 , 32 , 80 , 48 , 0 , 0 
db 0 , 0 , 240 , 32 , 80 , 48 , 0 , 0 
db 0 , 0 , 176 , 32 , 80 , 48 , 0 , 0 
db 0 , 0 , 176 , 32 , 80 , 48 , 32 , 0 
db 0 , 0 , 176 , 48 , 80 , 176 , 32 , 0 
db 0 , 0 , 0 , 48 , 0 , 0 , 0 , 0 
db 0 , 0 , 0 , 0 , 0 , 0 , 0 , 0 
db 0 , 0 , 0 , 0 , 0 , 0 , 0 , 0 
db 0 , 0 , 0 , 0 , 0 , 0 , 0 , 0 
db 0 , 0 , 0 , 0 , 0 , 0 , 0 , 0 
db 0 , 0 , 0 , 0 , 0 , 0 , 0 , 0 
db 0 , 0 , 0 , 0 , 0 , 0 , 0 , 0 
db 0 , 0 , 0 , 0 , 0 , 0 , 0 , 0 
db 0 , 0 , 0 , 0 , 0 , 0 , 0 , 0 
db 0 , 0 , 0 , 0 , 0 , 0 , 0 , 0 
db 0 , 0 , 0 , 0 , 0 , 0 , 0 , 0 
db 0 , 0 , 0 , 0 , 0 , 0 , 0 , 0 
db 0 , 0 , 0 , 0 , 0 , 0 , 0 , 0 
;------ END IMAGE --------
;------ BEGIN IMAGE --------
db 8 ; ancho
db 48 ; alto
db 0 , 164 , 0 , 0 , 0 , 0 , 0 , 0 
db 0 , 164 , 0 , 0 , 0 , 0 , 0 , 0 
db 0 , 164 , 0 , 0 , 240 , 0 , 0 , 0 
db 0 , 164 , 0 , 80 , 240 , 160 , 0 , 0 
db 0 , 164 , 0 , 80 , 207 , 160 , 0 , 0 
db 0 , 164 , 0 , 240 , 207 , 160 , 0 , 0 
db 0 , 164 , 0 , 229 , 207 , 160 , 0 , 0 
db 0 , 164 , 0 , 229 , 207 , 240 , 0 , 0 
db 0 , 164 , 80 , 240 , 207 , 80 , 0 , 0 
db 0 , 164 , 64 , 112 , 154 , 116 , 160 , 0 
db 0 , 164 , 80 , 48 , 48 , 229 , 168 , 0 
db 0 , 164 , 229 , 48 , 112 , 207 , 138 , 0 
db 0 , 116 , 101 , 48 , 112 , 207 , 138 , 0 
db 0 , 207 , 138 , 240 , 71 , 207 , 168 , 0 
db 0 , 229 , 139 , 82 , 207 , 222 , 160 , 0 
db 0 , 176 , 139 , 3 , 207 , 218 , 0 , 0 
db 0 , 176 , 3 , 3 , 207 , 248 , 0 , 0 
db 0 , 0 , 240 , 3 , 168 , 80 , 0 , 0 
db 0 , 0 , 80 , 0 , 16 , 112 , 0 , 0 
db 0 , 0 , 0 , 176 , 32 , 160 , 0 , 0 
db 0 , 0 , 0 , 176 , 101 , 160 , 0 , 0 
db 0 , 0 , 0 , 218 , 207 , 160 , 0 , 0 
db 0 , 0 , 80 , 218 , 207 , 160 , 0 , 0 
db 0 , 0 , 80 , 218 , 207 , 160 , 0 , 0 
db 0 , 0 , 80 , 218 , 207 , 160 , 0 , 0 
db 0 , 0 , 80 , 218 , 207 , 160 , 0 , 0 
db 0 , 0 , 80 , 218 , 207 , 160 , 0 , 0 
db 0 , 0 , 80 , 218 , 218 , 160 , 0 , 0 
db 0 , 0 , 0 , 138 , 176 , 160 , 0 , 0 
db 0 , 0 , 0 , 176 , 176 , 0 , 0 , 0 
db 0 , 0 , 0 , 112 , 176 , 0 , 0 , 0 
db 0 , 0 , 0 , 112 , 48 , 0 , 0 , 0 
db 0 , 0 , 0 , 112 , 48 , 0 , 0 , 0 
db 0 , 0 , 0 , 32 , 48 , 0 , 0 , 0 
db 0 , 0 , 0 , 112 , 48 , 32 , 0 , 0 
db 0 , 0 , 0 , 16 , 176 , 32 , 0 , 0 
db 0 , 0 , 0 , 0 , 0 , 0 , 0 , 0 
db 0 , 0 , 0 , 0 , 0 , 0 , 0 , 0 
db 0 , 0 , 0 , 0 , 0 , 0 , 0 , 0 
db 0 , 0 , 0 , 0 , 0 , 0 , 0 , 0 
db 0 , 0 , 0 , 0 , 0 , 0 , 0 , 0 
db 0 , 0 , 0 , 0 , 0 , 0 , 0 , 0 
db 0 , 0 , 0 , 0 , 0 , 0 , 0 , 0 
db 0 , 0 , 0 , 0 , 0 , 0 , 0 , 0 
db 0 , 0 , 0 , 0 , 0 , 0 , 0 , 0 
db 0 , 0 , 0 , 0 , 0 , 0 , 0 , 0 
db 0 , 0 , 0 , 0 , 0 , 0 , 0 , 0 
db 0 , 0 , 0 , 0 , 0 , 0 , 0 , 0 
;------ END IMAGE --------
;------ BEGIN IMAGE --------
db 8 ; ancho
db 40 ; alto
db 0 , 0 , 0 , 0 , 0 , 0 , 0 , 0 
db 0 , 0 , 0 , 0 , 0 , 0 , 0 , 0 
db 0 , 0 , 0 , 0 , 0 , 0 , 88 , 0 
db 0 , 0 , 0 , 0 , 0 , 0 , 88 , 0 
db 0 , 0 , 0 , 240 , 0 , 0 , 88 , 0 
db 0 , 0 , 80 , 240 , 160 , 0 , 88 , 0 
db 0 , 0 , 80 , 207 , 160 , 0 , 88 , 0 
db 0 , 0 , 80 , 207 , 240 , 0 , 88 , 0 
db 0 , 0 , 80 , 207 , 218 , 0 , 88 , 0 
db 0 , 0 , 240 , 207 , 218 , 0 , 88 , 0 
db 0 , 0 , 160 , 207 , 240 , 160 , 88 , 0 
db 0 , 80 , 184 , 101 , 176 , 128 , 88 , 0 
db 0 , 84 , 218 , 48 , 48 , 160 , 88 , 0 
db 0 , 69 , 207 , 176 , 48 , 218 , 88 , 0 
db 0 , 69 , 207 , 176 , 48 , 154 , 184 , 0 
db 0 , 84 , 207 , 139 , 240 , 69 , 207 , 0 
db 0 , 80 , 237 , 207 , 161 , 71 , 218 , 0 
db 0 , 0 , 229 , 207 , 3 , 71 , 112 , 0 
db 0 , 0 , 244 , 207 , 3 , 3 , 112 , 0 
db 0 , 0 , 160 , 84 , 3 , 240 , 0 , 0 
db 0 , 0 , 176 , 32 , 0 , 160 , 0 , 0 
db 0 , 0 , 80 , 16 , 112 , 0 , 0 , 0 
db 0 , 0 , 69 , 154 , 112 , 0 , 0 , 0 
db 0 , 0 , 69 , 207 , 240 , 0 , 0 , 0 
db 0 , 0 , 207 , 207 , 240 , 160 , 0 , 0 
db 0 , 0 , 207 , 207 , 240 , 160 , 0 , 0 
db 0 , 0 , 207 , 218 , 229 , 160 , 0 , 0 
db 0 , 0 , 207 , 160 , 207 , 160 , 0 , 0 
db 0 , 0 , 229 , 160 , 207 , 160 , 0 , 0 
db 0 , 0 , 112 , 160 , 207 , 160 , 0 , 0 
db 0 , 0 , 112 , 0 , 69 , 0 , 0 , 0 
db 0 , 0 , 48 , 160 , 112 , 0 , 0 , 0 
db 0 , 0 , 48 , 160 , 16 , 160 , 0 , 0 
db 0 , 0 , 48 , 160 , 16 , 240 , 0 , 0 
db 0 , 0 , 48 , 160 , 16 , 112 , 0 , 0 
db 0 , 16 , 48 , 160 , 16 , 112 , 0 , 0 
db 0 , 16 , 112 , 160 , 48 , 112 , 0 , 0 
db 0 , 0 , 0 , 0 , 48 , 0 , 0 , 0 
db 0 , 0 , 0 , 0 , 0 , 0 , 0 , 0 
db 0 , 0 , 0 , 0 , 0 , 0 , 0 , 0 
;------ END IMAGE --------
;------ BEGIN IMAGE --------
db 8 ; ancho
db 40 ; alto
db 0 , 0 , 0 , 0 , 0 , 0 , 0 , 0 
db 0 , 0 , 0 , 0 , 0 , 0 , 0 , 0 
db 0 , 0 , 0 , 0 , 0 , 0 , 88 , 0 
db 0 , 0 , 0 , 0 , 0 , 0 , 88 , 0 
db 0 , 0 , 0 , 240 , 0 , 0 , 88 , 0 
db 0 , 0 , 80 , 240 , 160 , 0 , 88 , 0 
db 0 , 0 , 80 , 207 , 160 , 0 , 88 , 0 
db 0 , 0 , 80 , 207 , 240 , 0 , 88 , 0 
db 0 , 0 , 80 , 207 , 218 , 0 , 88 , 0 
db 0 , 0 , 240 , 207 , 218 , 0 , 88 , 0 
db 0 , 0 , 160 , 207 , 240 , 160 , 88 , 0 
db 0 , 80 , 184 , 101 , 176 , 128 , 88 , 0 
db 0 , 84 , 218 , 48 , 48 , 160 , 88 , 0 
db 0 , 69 , 207 , 176 , 48 , 218 , 88 , 0 
db 0 , 69 , 207 , 176 , 48 , 154 , 184 , 0 
db 0 , 84 , 207 , 139 , 240 , 69 , 207 , 0 
db 0 , 80 , 237 , 207 , 161 , 71 , 218 , 0 
db 0 , 0 , 229 , 207 , 3 , 71 , 112 , 0 
db 0 , 0 , 244 , 207 , 3 , 3 , 112 , 0 
db 0 , 0 , 160 , 84 , 3 , 240 , 0 , 0 
db 0 , 0 , 176 , 32 , 0 , 160 , 0 , 0 
db 0 , 0 , 80 , 16 , 112 , 0 , 0 , 0 
db 0 , 0 , 80 , 154 , 112 , 0 , 0 , 0 
db 0 , 0 , 80 , 207 , 229 , 0 , 0 , 0 
db 0 , 0 , 80 , 207 , 229 , 160 , 0 , 0 
db 0 , 0 , 80 , 207 , 229 , 160 , 0 , 0 
db 0 , 0 , 80 , 207 , 229 , 160 , 0 , 0 
db 0 , 0 , 80 , 207 , 229 , 160 , 0 , 0 
db 0 , 0 , 80 , 207 , 229 , 160 , 0 , 0 
db 0 , 0 , 80 , 229 , 229 , 160 , 0 , 0 
db 0 , 0 , 80 , 112 , 69 , 0 , 0 , 0 
db 0 , 0 , 0 , 112 , 112 , 0 , 0 , 0 
db 0 , 0 , 0 , 112 , 176 , 0 , 0 , 0 
db 0 , 0 , 0 , 48 , 176 , 0 , 0 , 0 
db 0 , 0 , 0 , 48 , 176 , 0 , 0 , 0 
db 0 , 0 , 0 , 48 , 16 , 0 , 0 , 0 
db 0 , 0 , 16 , 48 , 176 , 0 , 0 , 0 
db 0 , 0 , 16 , 112 , 32 , 0 , 0 , 0 
db 0 , 0 , 0 , 0 , 0 , 0 , 0 , 0 
db 0 , 0 , 0 , 0 , 0 , 0 , 0 , 0 
;------ END IMAGE --------
;------ BEGIN IMAGE --------
db 4 ; ancho
db 8 ; alto
db 0 , 0 , 0 , 0 
db 0 , 1 , 0 , 0 
db 0 , 17 , 130 , 99 
db 65 , 0 , 34 , 99 
db 17 , 0 , 99 , 34 
db 17 , 1 , 51 , 0 
db 147 , 19 , 51 , 17 
db 51 , 51 , 51 , 51 
;------ END IMAGE --------
G