;------ BEGIN SPRITE --------
db 8 ; ancho
db 27 ; alto
db 0 , 0 , 0 , 0 , 0 , 0 , 0 , 0 
db 0 , 0 , 0 , 0 , 0 , 0 , 0 , 0 
db 0 , 0 , 0 , 0 , 0 , 0 , 0 , 0 
db 0 , 0 , 0 , 80 , 160 , 0 , 0 , 0 
db 0 , 0 , 0 , 164 , 88 , 0 , 0 , 0 
db 0 , 0 , 80 , 28 , 164 , 160 , 0 , 0 
db 0 , 0 , 164 , 60 , 60 , 88 , 0 , 0 
db 0 , 0 , 164 , 60 , 60 , 112 , 0 , 0 
db 0 , 0 , 164 , 120 , 180 , 112 , 0 , 0 
db 0 , 160 , 164 , 176 , 112 , 112 , 80 , 0 
db 0 , 0 , 240 , 48 , 48 , 240 , 64 , 0 
db 0 , 128 , 80 , 164 , 88 , 160 , 64 , 0 
db 0 , 128 , 80 , 112 , 176 , 160 , 64 , 0 
db 0 , 160 , 80 , 48 , 48 , 160 , 80 , 0 
db 0 , 32 , 240 , 48 , 49 , 240 , 16 , 0 
db 0 , 112 , 164 , 176 , 112 , 88 , 176 , 0 
db 0 , 112 , 12 , 24 , 36 , 12 , 176 , 0 
db 0 , 36 , 24 , 24 , 36 , 36 , 176 , 0 
db 0 , 36 , 48 , 48 , 48 , 48 , 24 , 0 
db 0 , 48 , 48 , 176 , 112 , 48 , 48 , 0 
db 0 , 176 , 48 , 176 , 112 , 48 , 112 , 0 
db 0 , 80 , 240 , 80 , 160 , 240 , 160 , 0 
db 0 , 0 , 0 , 0 , 0 , 0 , 0 , 0 
db 0 , 0 , 0 , 0 , 0 , 0 , 0 , 0 
db 0 , 0 , 0 , 0 , 0 , 0 , 0 , 0 
db 0 , 0 , 0 , 0 , 0 , 0 , 0 , 0 
db 0 , 0 , 0 , 0 , 0 , 0 , 0 , 0 
;------ END SPRITE --------
' ------ BEGIN PALETA --------
INK  0 , 1 
INK  1 , 24 
INK  2 , 20 
INK  3 , 6 
INK  4 , 26 
INK  5 , 0 
INK  6 , 2 
INK  7 , 8 
INK  8 , 10 
INK  9 , 12 
INK  10 , 14 
INK  11 , 16 
INK  12 , 18 
INK  13 , 22 
INK  14 , 0 
INK  15 , 11 
' ------ END PALETA --------
