;------ BEGIN IMAGE --------
db 4 ; ancho
db 16 ; alto
db 0 , 0 , 0 , 48 
db 0 , 0 , 0 , 208 
db 0 , 0 , 48 , 0 
db 0 , 0 , 192 , 0 
db 0 , 48 , 144 , 192 
db 0 , 240 , 240 , 224 
db 48 , 240 , 240 , 240 
db 112 , 240 , 240 , 224 
db 112 , 240 , 240 , 240 
db 112 , 240 , 240 , 192 
db 112 , 240 , 240 , 0 
db 112 , 240 , 192 , 0 
db 112 , 240 , 0 , 0 
db 112 , 192 , 0 , 0 
db 112 , 0 , 0 , 0 
db 64 , 0 , 0 , 0 
;------ END IMAGE --------
;------ BEGIN IMAGE --------
db 4 ; ancho
db 16 ; alto
db 0 , 0 , 0 , 48 
db 0 , 0 , 0 , 208 
db 0 , 0 , 48 , 16 
db 0 , 0 , 192 , 48 
db 0 , 48 , 144 , 240 
db 0 , 240 , 240 , 240 
db 48 , 240 , 240 , 240 
db 112 , 240 , 240 , 240 
db 112 , 240 , 240 , 240 
db 112 , 240 , 240 , 192 
db 112 , 240 , 240 , 0 
db 112 , 240 , 192 , 0 
db 112 , 240 , 0 , 0 
db 112 , 192 , 0 , 0 
db 112 , 0 , 0 , 0 
db 64 , 0 , 0 , 0 
;------ END IMAGE --------
;------ BEGIN IMAGE --------
db 4 ; ancho
db 16 ; alto
db 192 , 0 , 0 , 0 
db 176 , 0 , 0 , 0 
db 128 , 192 , 0 , 0 
db 192 , 48 , 0 , 0 
db 240 , 144 , 192 , 0 
db 240 , 240 , 240 , 0 
db 240 , 240 , 240 , 192 
db 240 , 240 , 240 , 224 
db 240 , 240 , 240 , 224 
db 48 , 240 , 240 , 224 
db 0 , 240 , 240 , 224 
db 0 , 48 , 240 , 224 
db 0 , 0 , 240 , 224 
db 0 , 0 , 48 , 224 
db 0 , 0 , 0 , 224 
db 0 , 0 , 0 , 32 
;------ END IMAGE --------
