;------ BEGIN SPRITE --------
db 6 ; ancho
db 20 ; alto
db 0 , 0 , 0 , 0 , 0 , 0 
db 0 , 0 , 0 , 0 , 0 , 0 
db 0 , 0 , 0 , 0 , 0 , 0 
db 0 , 0 , 0 , 0 , 0 , 0 
db 0 , 0 , 0 , 0 , 0 , 0 
db 0 , 0 , 0 , 0 , 0 , 0 
db 0 , 0 , 0 , 0 , 0 , 0 
db 0 , 0 , 0 , 0 , 0 , 0 
db 0 , 0 , 0 , 0 , 0 , 0 
db 0 , 0 , 0 , 0 , 0 , 0 
db 0 , 0 , 0 , 0 , 0 , 0 
db 0 , 0 , 0 , 0 , 0 , 0 
db 0 , 0 , 0 , 0 , 0 , 0 
db 0 , 0 , 0 , 0 , 0 , 0 
db 0 , 0 , 0 , 0 , 0 , 0 
db 0 , 0 , 0 , 0 , 0 , 0 
db 0 , 0 , 0 , 0 , 0 , 0 
db 0 , 0 , 0 , 0 , 0 , 0 
db 0 , 0 , 0 , 0 , 0 , 0 
db 0 , 0 , 0 , 0 , 0 , 0 
;------ END SPRITE --------
;------ BEGIN SPRITE --------
db 6 ; ancho
db 20 ; alto
db 0 , 0 , 0 , 136 , 0 , 0 
db 0 , 0 , 0 , 138 , 0 , 0 
db 0 , 136 , 0 , 138 , 0 , 136 
db 0 , 69 , 0 , 0 , 69 , 0 
db 0 , 0 , 0 , 0 , 0 , 0 
db 0 , 0 , 0 , 0 , 0 , 0 
db 0 , 0 , 0 , 0 , 0 , 0 
db 0 , 0 , 0 , 0 , 0 , 0 
db 0 , 0 , 0 , 8 , 0 , 0 
db 205 , 0 , 16 , 36 , 0 , 206 
db 0 , 0 , 0 , 8 , 0 , 0 
db 0 , 0 , 0 , 0 , 0 , 0 
db 0 , 0 , 0 , 0 , 0 , 0 
db 0 , 0 , 0 , 0 , 0 , 0 
db 0 , 0 , 0 , 0 , 0 , 0 
db 0 , 69 , 0 , 0 , 69 , 0 
db 0 , 136 , 0 , 0 , 0 , 136 
db 0 , 0 , 0 , 138 , 0 , 0 
db 0 , 0 , 0 , 138 , 0 , 0 
db 0 , 0 , 0 , 136 , 0 , 0 
;------ END SPRITE --------
;------ BEGIN SPRITE --------
db 6 ; ancho
db 20 ; alto
db 0 , 0 , 0 , 0 , 0 , 0 
db 0 , 0 , 0 , 0 , 0 , 0 
db 0 , 0 , 0 , 136 , 0 , 0 
db 0 , 68 , 0 , 136 , 68 , 0 
db 0 , 0 , 138 , 138 , 138 , 0 
db 0 , 0 , 207 , 138 , 138 , 0 
db 0 , 0 , 64 , 207 , 0 , 0 
db 0 , 0 , 64 , 192 , 0 , 0 
db 0 , 68 , 142 , 36 , 128 , 0 
db 0 , 205 , 144 , 48 , 206 , 136 
db 0 , 0 , 144 , 48 , 196 , 0 
db 0 , 0 , 4 , 36 , 138 , 0 
db 0 , 0 , 200 , 192 , 138 , 0 
db 0 , 0 , 207 , 197 , 0 , 0 
db 0 , 0 , 138 , 206 , 138 , 0 
db 0 , 68 , 0 , 138 , 68 , 0 
db 0 , 0 , 0 , 136 , 0 , 0 
db 0 , 0 , 0 , 136 , 0 , 0 
db 0 , 0 , 0 , 0 , 0 , 0 
db 0 , 0 , 0 , 0 , 0 , 0 
;------ END SPRITE --------
},;------ BEGIN SPRITE --------
db 6 ; ancho
db 22 ; alto
db 0 , 0 , 0 , 0 , 0 , 0 
db 0 , 0 , 0 , 0 , 0 , 0 
db 0 , 0 , 0 , 0 , 0 , 0 
db 0 , 0 , 0 , 0 , 0 , 0 
db 0 , 0 , 0 , 0 , 0 , 0 
db 0 , 69 , 207 , 138 , 0 , 0 
db 0 , 4 , 207 , 207 , 4 , 0 
db 0 , 0 , 4 , 207 , 69 , 0 
db 0 , 69 , 0 , 77 , 69 , 0 
db 0 , 207 , 138 , 140 , 197 , 0 
db 0 , 207 , 138 , 140 , 207 , 0 
db 0 , 207 , 128 , 4 , 207 , 0 
db 0 , 202 , 69 , 128 , 207 , 0 
db 0 , 138 , 77 , 138 , 142 , 0 
db 0 , 128 , 207 , 202 , 138 , 0 
db 0 , 0 , 69 , 207 , 0 , 0 
db 0 , 0 , 0 , 0 , 0 , 0 
db 0 , 0 , 0 , 0 , 0 , 0 
db 0 , 0 , 0 , 0 , 0 , 0 
db 0 , 0 , 0 , 0 , 0 , 0 
db 0 , 0 , 0 , 0 , 0 , 0 
db 0 , 0 , 0 , 0 , 0 , 0 
;------ END SPRITE --------
;------ BEGIN SPRITE --------
db 16 ; ancho
db 20 ; alto
db 0 , 0 , 0 , 0 , 0 , 0 , 0 , 60 , 60 , 0 , 0 , 0 , 0 , 0 , 0 , 0 
db 0 , 0 , 0 , 24 , 48 , 0 , 60 , 48 , 48 , 60 , 0 , 48 , 36 , 0 , 0 , 0 
db 0 , 0 , 24 , 3 , 3 , 32 , 24 , 36 , 24 , 36 , 16 , 3 , 3 , 36 , 0 , 0 
db 0 , 16 , 163 , 82 , 161 , 82 , 12 , 164 , 88 , 12 , 161 , 82 , 161 , 83 , 32 , 0 
db 0 , 81 , 82 , 51 , 114 , 3 , 164 , 88 , 164 , 88 , 3 , 177 , 51 , 161 , 162 , 0 
db 0 , 129 , 19 , 112 , 177 , 161 , 242 , 164 , 88 , 241 , 82 , 114 , 176 , 35 , 66 , 0 
db 0 , 129 , 160 , 16 , 240 , 243 , 3 , 3 , 3 , 3 , 243 , 240 , 32 , 80 , 66 , 0 
db 0 , 33 , 34 , 16 , 112 , 161 , 3 , 3 , 3 , 3 , 82 , 176 , 32 , 17 , 18 , 0 
db 0 , 1 , 34 , 112 , 3 , 161 , 3 , 82 , 161 , 3 , 82 , 3 , 176 , 17 , 2 , 0 
db 0 , 16 , 0 , 161 , 19 , 82 , 3 , 228 , 216 , 3 , 161 , 35 , 82 , 0 , 32 , 0 
db 0 , 0 , 16 , 3 , 114 , 161 , 82 , 204 , 204 , 161 , 82 , 177 , 3 , 32 , 0 , 0 
db 0 , 0 , 16 , 82 , 16 , 112 , 176 , 205 , 206 , 112 , 176 , 32 , 161 , 32 , 0 , 0 
db 0 , 0 , 16 , 19 , 0 , 16 , 32 , 205 , 206 , 16 , 32 , 0 , 35 , 32 , 0 , 0 
db 0 , 0 , 16 , 19 , 0 , 0 , 0 , 204 , 204 , 0 , 0 , 0 , 35 , 32 , 0 , 0 
db 0 , 0 , 0 , 161 , 0 , 0 , 0 , 84 , 168 , 0 , 0 , 0 , 82 , 0 , 0 , 0 
db 0 , 0 , 0 , 33 , 34 , 0 , 0 , 0 , 0 , 0 , 0 , 17 , 18 , 0 , 0 , 0 
db 0 , 0 , 0 , 16 , 0 , 0 , 0 , 0 , 0 , 0 , 0 , 0 , 32 , 0 , 0 , 0 
db 0 , 0 , 0 , 0 , 0 , 0 , 0 , 0 , 0 , 0 , 0 , 0 , 0 , 0 , 0 , 0 
db 0 , 0 , 0 , 0 , 0 , 0 , 0 , 0 , 0 , 0 , 0 , 0 , 0 , 0 , 0 , 0 
db 0 , 0 , 0 , 0 , 0 , 0 , 0 , 0 , 0 , 0 , 0 , 0 , 0 , 0 , 0 , 0 
;------ END SPRITE --------
;------ BEGIN SPRITE --------
db 16 ; ancho
db 20 ; alto
db 0 , 0 , 0 , 0 , 0 , 0 , 0 , 60 , 60 , 0 , 0 , 0 , 0 , 0 , 0 , 0 
db 0 , 0 , 178 , 24 , 48 , 0 , 60 , 48 , 48 , 60 , 0 , 48 , 36 , 113 , 0 , 0 
db 0 , 81 , 33 , 3 , 3 , 32 , 24 , 36 , 24 , 36 , 16 , 3 , 3 , 18 , 162 , 0 
db 0 , 178 , 83 , 114 , 161 , 82 , 12 , 164 , 88 , 12 , 161 , 82 , 177 , 163 , 113 , 0 
db 0 , 113 , 162 , 17 , 114 , 3 , 164 , 88 , 164 , 88 , 3 , 177 , 34 , 81 , 178 , 0 
db 0 , 0 , 0 , 80 , 177 , 161 , 242 , 164 , 88 , 241 , 82 , 114 , 160 , 0 , 0 , 0 
db 0 , 0 , 0 , 16 , 240 , 243 , 3 , 3 , 3 , 3 , 243 , 240 , 32 , 0 , 0 , 0 
db 0 , 0 , 0 , 16 , 112 , 161 , 3 , 3 , 3 , 3 , 82 , 176 , 32 , 0 , 0 , 0 
db 0 , 0 , 0 , 112 , 3 , 161 , 3 , 82 , 161 , 3 , 82 , 3 , 176 , 0 , 0 , 0 
db 0 , 0 , 81 , 161 , 19 , 82 , 3 , 228 , 216 , 3 , 161 , 35 , 82 , 162 , 0 , 0 
db 0 , 0 , 163 , 3 , 114 , 161 , 82 , 204 , 204 , 161 , 82 , 177 , 3 , 83 , 0 , 0 
db 0 , 16 , 3 , 19 , 16 , 112 , 176 , 205 , 206 , 112 , 176 , 32 , 35 , 3 , 32 , 0 
db 0 , 33 , 3 , 34 , 0 , 16 , 32 , 205 , 206 , 16 , 32 , 0 , 17 , 3 , 18 , 0 
db 0 , 16 , 49 , 0 , 0 , 0 , 0 , 204 , 204 , 0 , 0 , 0 , 0 , 50 , 32 , 0 
db 0 , 0 , 0 , 0 , 0 , 0 , 0 , 84 , 168 , 0 , 0 , 0 , 0 , 0 , 0 , 0 
db 0 , 0 , 0 , 0 , 0 , 0 , 0 , 0 , 0 , 0 , 0 , 0 , 0 , 0 , 0 , 0 
db 0 , 0 , 0 , 0 , 0 , 0 , 0 , 0 , 0 , 0 , 0 , 0 , 0 , 0 , 0 , 0 
db 0 , 0 , 0 , 0 , 0 , 0 , 0 , 0 , 0 , 0 , 0 , 0 , 0 , 0 , 0 , 0 
db 0 , 0 , 0 , 0 , 0 , 0 , 0 , 0 , 0 , 0 , 0 , 0 , 0 , 0 , 0 , 0 
db 0 , 0 , 0 , 0 , 0 , 0 , 0 , 0 , 0 , 0 , 0 , 0 , 0 , 0 , 0 , 0 
;------ END SPRITE --------
;------ BEGIN SPRITE --------
db 3 ; ancho
db 6 ; alto
db 0 , 0 , 0 
db 0 , 0 , 0 
db 0 , 204 , 0 
db 0 , 204 , 0 
db 0 , 0 , 0 
db 0 , 0 , 0 
;------ END SPRITE --------
;------ BEGIN SPRITE --------
db 4 ; ancho
db 8 ; alto
db 0 , 0 , 0 , 0 
db 0 , 0 , 0 , 0 
db 0 , 64 , 128 , 0 
db 0 , 196 , 200 , 0 
db 0 , 196 , 200 , 0 
db 0 , 64 , 128 , 0 
db 0 , 0 , 0 , 0 
db 0 , 0 , 0 , 0 
;------ END SPRITE --------
;------ BEGIN SPRITE --------
db 4 ; ancho
db 8 ; alto
db 0 , 0 , 0 , 0 
db 0 , 0 , 0 , 0 
db 0 , 16 , 32 , 0 
db 0 , 101 , 152 , 0 
db 0 , 100 , 152 , 0 
db 0 , 16 , 32 , 0 
db 0 , 0 , 0 , 0 
db 0 , 0 , 0 , 0 
;------ END SPRITE --------
;------ BEGIN SPRITE --------
db 4 ; ancho
db 16 ; alto
db 207 , 218 , 48 , 48 
db 207 , 218 , 48 , 48 
db 207 , 218 , 48 , 48 
db 207 , 218 , 48 , 48 
db 240 , 240 , 176 , 48 
db 240 , 240 , 240 , 48 
db 240 , 240 , 240 , 176 
db 240 , 240 , 240 , 240 
db 0 , 0 , 0 , 0 
db 0 , 0 , 0 , 0 
db 0 , 0 , 0 , 0 
db 240 , 160 , 0 , 0 
db 207 , 218 , 32 , 0 
db 207 , 218 , 48 , 0 
db 207 , 218 , 48 , 32 
db 207 , 218 , 48 , 48 
;------ END SPRITE --------
;------ BEGIN SPRITE --------
db 4 ; ancho
db 16 ; alto
db 48 , 48 , 229 , 207 
db 48 , 48 , 229 , 207 
db 48 , 48 , 229 , 207 
db 48 , 48 , 229 , 207 
db 48 , 112 , 240 , 240 
db 48 , 240 , 240 , 240 
db 112 , 240 , 240 , 240 
db 240 , 240 , 240 , 240 
db 240 , 240 , 240 , 160 
db 0 , 0 , 0 , 0 
db 0 , 0 , 0 , 0 
db 0 , 0 , 80 , 240 
db 0 , 16 , 229 , 207 
db 0 , 48 , 229 , 207 
db 16 , 48 , 229 , 207 
db 48 , 48 , 229 , 207 
;------ END SPRITE --------
;------ BEGIN SPRITE --------
db 4 ; ancho
db 16 ; alto
db 207 , 218 , 48 , 48 
db 207 , 218 , 48 , 48 
db 207 , 218 , 48 , 48 
db 207 , 218 , 48 , 48 
db 240 , 240 , 176 , 48 
db 240 , 240 , 240 , 48 
db 240 , 240 , 240 , 176 
db 240 , 240 , 240 , 240 
db 80 , 240 , 240 , 240 
db 0 , 0 , 0 , 0 
db 0 , 0 , 0 , 0 
db 240 , 160 , 0 , 0 
db 207 , 218 , 32 , 0 
db 207 , 218 , 48 , 0 
db 207 , 218 , 48 , 32 
db 207 , 218 , 48 , 48 
;------ END SPRITE --------
;------ BEGIN SPRITE --------
db 6 ; ancho
db 22 ; alto
db 0 , 0 , 0 , 0 , 0 , 0 
db 0 , 0 , 0 , 0 , 0 , 0 
db 0 , 0 , 0 , 0 , 0 , 0 
db 0 , 0 , 0 , 0 , 0 , 0 
db 0 , 0 , 0 , 0 , 0 , 0 
db 0 , 0 , 0 , 0 , 0 , 0 
db 0 , 0 , 240 , 240 , 0 , 0 
db 0 , 80 , 204 , 204 , 160 , 0 
db 0 , 228 , 205 , 207 , 218 , 0 
db 0 , 228 , 109 , 158 , 218 , 0 
db 0 , 228 , 52 , 44 , 218 , 0 
db 0 , 228 , 48 , 12 , 218 , 0 
db 0 , 228 , 154 , 101 , 218 , 0 
db 0 , 240 , 207 , 207 , 240 , 0 
db 0 , 160 , 229 , 218 , 80 , 0 
db 0 , 160 , 80 , 160 , 80 , 0 
db 0 , 0 , 0 , 0 , 0 , 0 
db 0 , 0 , 0 , 0 , 0 , 0 
db 0 , 0 , 0 , 0 , 0 , 0 
db 0 , 0 , 0 , 0 , 0 , 0 
db 0 , 0 , 0 , 0 , 0 , 0 
db 0 , 0 , 0 , 0 , 0 , 0 
;------ END SPRITE --------
;------ BEGIN SPRITE --------
db 6 ; ancho
db 22 ; alto
db 0 , 0 , 0 , 0 , 0 , 0 
db 0 , 0 , 0 , 0 , 0 , 0 
db 0 , 0 , 0 , 0 , 0 , 0 
db 0 , 0 , 0 , 0 , 0 , 0 
db 0 , 0 , 0 , 0 , 0 , 0 
db 0 , 0 , 12 , 12 , 0 , 0 
db 0 , 4 , 60 , 60 , 8 , 0 
db 0 , 28 , 60 , 60 , 44 , 0 
db 0 , 60 , 52 , 56 , 60 , 0 
db 0 , 60 , 60 , 60 , 60 , 0 
db 0 , 60 , 60 , 60 , 60 , 0 
db 0 , 40 , 56 , 52 , 20 , 0 
db 0 , 40 , 60 , 60 , 20 , 0 
db 0 , 44 , 20 , 40 , 28 , 0 
db 0 , 60 , 0 , 0 , 60 , 0 
db 0 , 0 , 0 , 0 , 0 , 0 
db 0 , 0 , 0 , 0 , 0 , 0 
db 0 , 0 , 0 , 0 , 0 , 0 
db 0 , 0 , 0 , 0 , 0 , 0 
db 0 , 0 , 0 , 0 , 0 , 0 
db 0 , 0 , 0 , 0 , 0 , 0 
db 0 , 0 , 0 , 0 , 0 , 0 
;------ END SPRITE --------
;------ BEGIN SPRITE --------
db 6 ; ancho
db 10 ; alto
db 0 , 0 , 240 , 240 , 0 , 0 
db 0 , 80 , 179 , 51 , 160 , 0 
db 0 , 176 , 113 , 27 , 114 , 0 
db 0 , 114 , 179 , 51 , 177 , 0 
db 0 , 114 , 211 , 99 , 177 , 0 
db 0 , 115 , 177 , 114 , 51 , 0 
db 0 , 176 , 113 , 51 , 114 , 0 
db 0 , 80 , 242 , 177 , 160 , 0 
db 0 , 0 , 241 , 114 , 0 , 0 
db 0 , 0 , 80 , 160 , 0 , 0 
;------ END SPRITE --------
;------ BEGIN SPRITE --------
db 8 ; ancho
db 25 ; alto
db 0 , 0 , 0 , 0 , 0 , 0 , 0 , 0 
db 0 , 0 , 0 , 0 , 0 , 0 , 0 , 0 
db 0 , 0 , 0 , 0 , 0 , 0 , 0 , 0 
db 0 , 0 , 0 , 0 , 0 , 0 , 0 , 0 
db 0 , 80 , 0 , 0 , 0 , 0 , 160 , 0 
db 0 , 228 , 160 , 0 , 0 , 80 , 216 , 0 
db 0 , 204 , 216 , 240 , 240 , 228 , 204 , 0 
db 0 , 228 , 204 , 205 , 206 , 204 , 216 , 0 
db 0 , 204 , 204 , 205 , 206 , 204 , 204 , 0 
db 0 , 204 , 228 , 205 , 206 , 216 , 204 , 0 
db 0 , 228 , 112 , 240 , 240 , 176 , 216 , 0 
db 0 , 204 , 48 , 36 , 24 , 48 , 204 , 0 
db 0 , 204 , 176 , 36 , 24 , 112 , 204 , 0 
db 0 , 204 , 216 , 240 , 240 , 228 , 204 , 0 
db 0 , 204 , 204 , 204 , 204 , 204 , 204 , 0 
db 0 , 206 , 204 , 204 , 204 , 204 , 205 , 0 
db 0 , 197 , 216 , 240 , 240 , 228 , 202 , 0 
db 0 , 192 , 160 , 0 , 0 , 80 , 192 , 0 
db 0 , 208 , 0 , 0 , 0 , 0 , 224 , 0 
db 0 , 160 , 0 , 0 , 0 , 0 , 80 , 0 
db 0 , 0 , 0 , 0 , 0 , 0 , 0 , 0 
db 0 , 0 , 0 , 0 , 0 , 0 , 0 , 0 
db 0 , 0 , 0 , 0 , 0 , 0 , 0 , 0 
db 0 , 0 , 0 , 0 , 0 , 0 , 0 , 0 
db 0 , 0 , 0 , 0 , 0 , 0 , 0 , 0 
;------ END SPRITE --------
;------ BEGIN SPRITE --------
db 7 ; ancho
db 26 ; alto
db 0 , 0 , 0 , 0 , 0 , 0 , 0 
db 0 , 0 , 0 , 0 , 0 , 0 , 0 
db 0 , 40 , 0 , 252 , 0 , 20 , 0 
db 0 , 56 , 52 , 204 , 56 , 52 , 0 
db 0 , 60 , 60 , 204 , 60 , 60 , 0 
db 0 , 180 , 60 , 205 , 60 , 120 , 0 
db 0 , 120 , 60 , 205 , 60 , 180 , 0 
db 0 , 40 , 165 , 207 , 90 , 20 , 0 
db 0 , 40 , 20 , 207 , 40 , 20 , 0 
db 0 , 40 , 69 , 12 , 138 , 20 , 0 
db 0 , 0 , 69 , 12 , 138 , 0 , 0 
db 0 , 0 , 69 , 24 , 138 , 0 , 0 
db 0 , 0 , 80 , 24 , 160 , 0 , 0 
db 0 , 0 , 0 , 240 , 0 , 0 , 0 
db 0 , 0 , 0 , 0 , 0 , 0 , 0 
db 0 , 0 , 0 , 0 , 0 , 0 , 0 
db 0 , 0 , 0 , 0 , 0 , 0 , 0 
db 0 , 0 , 0 , 0 , 0 , 0 , 0 
db 0 , 0 , 0 , 0 , 0 , 0 , 0 
db 0 , 0 , 0 , 0 , 0 , 0 , 0 
db 0 , 0 , 0 , 0 , 0 , 0 , 0 
db 0 , 0 , 0 , 0 , 0 , 0 , 0 
db 0 , 0 , 0 , 0 , 0 , 0 , 0 
db 0 , 0 , 0 , 0 , 0 , 0 , 0 
db 0 , 0 , 0 , 0 , 0 , 0 , 0 
db 0 , 0 , 0 , 0 , 0 , 0 , 0 
;------ END SPRITE --------
;------ BEGIN SPRITE --------
db 6 ; ancho
db 22 ; alto
db 0 , 0 , 0 , 0 , 0 , 0 
db 0 , 0 , 0 , 0 , 0 , 0 
db 0 , 0 , 0 , 0 , 0 , 0 
db 0 , 0 , 0 , 0 , 0 , 0 
db 0 , 0 , 0 , 0 , 0 , 0 
db 0 , 80 , 36 , 12 , 160 , 0 
db 0 , 176 , 36 , 164 , 88 , 0 
db 0 , 48 , 12 , 88 , 12 , 0 
db 0 , 176 , 12 , 88 , 88 , 0 
db 0 , 208 , 36 , 12 , 224 , 0 
db 0 , 192 , 176 , 112 , 192 , 0 
db 0 , 224 , 208 , 64 , 208 , 0 
db 0 , 240 , 192 , 192 , 240 , 0 
db 0 , 200 , 196 , 200 , 196 , 0 
db 0 , 192 , 196 , 200 , 192 , 0 
db 0 , 192 , 224 , 208 , 192 , 0 
db 0 , 196 , 224 , 208 , 200 , 0 
db 0 , 0 , 0 , 0 , 0 , 0 
db 0 , 0 , 0 , 0 , 0 , 0 
db 0 , 0 , 0 , 0 , 0 , 0 
db 0 , 0 , 0 , 0 , 0 , 0 
db 0 , 0 , 0 , 0 , 0 , 0 
;------ END SPRITE --------
;------ BEGIN SPRITE --------
db 6 ; ancho
db 22 ; alto
db 0 , 0 , 0 , 0 , 0 , 0 
db 0 , 0 , 0 , 0 , 0 , 0 
db 0 , 0 , 0 , 0 , 0 , 0 
db 0 , 0 , 0 , 0 , 0 , 0 
db 0 , 0 , 0 , 0 , 0 , 0 
db 0 , 80 , 36 , 12 , 160 , 0 
db 0 , 176 , 36 , 164 , 88 , 0 
db 0 , 48 , 12 , 88 , 12 , 0 
db 0 , 176 , 12 , 88 , 88 , 0 
db 0 , 208 , 36 , 12 , 224 , 0 
db 0 , 192 , 176 , 112 , 192 , 0 
db 0 , 224 , 208 , 64 , 208 , 0 
db 0 , 240 , 192 , 192 , 240 , 0 
db 0 , 200 , 196 , 200 , 196 , 0 
db 0 , 192 , 196 , 200 , 192 , 0 
db 0 , 192 , 224 , 208 , 192 , 0 
db 0 , 196 , 64 , 128 , 200 , 0 
db 0 , 0 , 0 , 0 , 0 , 0 
db 0 , 0 , 0 , 0 , 0 , 0 
db 0 , 0 , 0 , 0 , 0 , 0 
db 0 , 0 , 0 , 0 , 0 , 0 
db 0 , 0 , 0 , 0 , 0 , 0 
;------ END SPRITE --------
;------ BEGIN SPRITE --------
db 6 ; ancho
db 22 ; alto
db 0 , 0 , 0 , 0 , 0 , 0 
db 0 , 0 , 0 , 0 , 0 , 0 
db 0 , 0 , 0 , 0 , 0 , 0 
db 0 , 0 , 0 , 0 , 0 , 0 
db 0 , 0 , 0 , 0 , 0 , 0 
db 0 , 64 , 160 , 80 , 128 , 0 
db 0 , 197 , 216 , 228 , 202 , 0 
db 0 , 204 , 177 , 114 , 204 , 0 
db 0 , 240 , 19 , 35 , 240 , 0 
db 0 , 112 , 35 , 19 , 176 , 0 
db 0 , 113 , 51 , 51 , 50 , 0 
db 0 , 113 , 243 , 179 , 50 , 0 
db 0 , 113 , 241 , 114 , 50 , 0 
db 0 , 241 , 240 , 240 , 114 , 0 
db 0 , 80 , 242 , 177 , 160 , 0 
db 0 , 0 , 241 , 114 , 0 , 0 
db 0 , 0 , 80 , 160 , 0 , 0 
db 0 , 0 , 0 , 0 , 0 , 0 
db 0 , 0 , 0 , 0 , 0 , 0 
db 0 , 0 , 0 , 0 , 0 , 0 
db 0 , 0 , 0 , 0 , 0 , 0 
db 0 , 0 , 0 , 0 , 0 , 0 
;------ END SPRITE --------
;------ BEGIN SPRITE --------
db 7 ; ancho
db 22 ; alto
db 121 , 0 , 0 , 0 , 0 , 0 , 0 
db 0 , 0 , 0 , 0 , 0 , 0 , 0 
db 0 , 0 , 0 , 0 , 0 , 0 , 0 
db 0 , 0 , 0 , 0 , 0 , 0 , 0 
db 0 , 0 , 0 , 0 , 0 , 0 , 0 
db 0 , 20 , 40 , 252 , 20 , 40 , 0 
db 0 , 108 , 156 , 204 , 108 , 156 , 0 
db 0 , 60 , 60 , 204 , 60 , 60 , 0 
db 0 , 180 , 60 , 205 , 60 , 120 , 0 
db 0 , 120 , 60 , 205 , 60 , 180 , 0 
db 0 , 40 , 240 , 207 , 240 , 20 , 0 
db 0 , 40 , 4 , 240 , 8 , 20 , 0 
db 0 , 40 , 4 , 36 , 8 , 20 , 0 
db 0 , 0 , 20 , 12 , 40 , 0 , 0 
db 0 , 0 , 20 , 24 , 40 , 0 , 0 
db 0 , 0 , 0 , 60 , 0 , 0 , 0 
db 0 , 0 , 0 , 240 , 0 , 0 , 0 
db 0 , 0 , 0 , 0 , 0 , 0 , 0 
db 0 , 0 , 0 , 0 , 0 , 0 , 0 
db 0 , 0 , 0 , 0 , 0 , 0 , 0 
db 0 , 0 , 0 , 0 , 0 , 0 , 0 
db 0 , 0 , 0 , 0 , 0 , 0 , 0 
;------ END SPRITE --------
;------ BEGIN SPRITE --------
db 7 ; ancho
db 22 ; alto
db 121 , 0 , 0 , 0 , 0 , 0 , 0 
db 0 , 0 , 0 , 0 , 0 , 0 , 0 
db 0 , 0 , 0 , 0 , 0 , 0 , 0 
db 0 , 0 , 0 , 0 , 0 , 0 , 0 
db 0 , 0 , 0 , 0 , 0 , 0 , 0 
db 0 , 0 , 128 , 252 , 64 , 0 , 0 
db 0 , 20 , 156 , 204 , 108 , 40 , 0 
db 0 , 60 , 60 , 204 , 60 , 60 , 0 
db 0 , 180 , 60 , 205 , 60 , 120 , 0 
db 0 , 120 , 60 , 205 , 60 , 180 , 0 
db 0 , 40 , 240 , 207 , 240 , 20 , 0 
db 0 , 40 , 4 , 240 , 8 , 20 , 0 
db 0 , 40 , 4 , 36 , 8 , 20 , 0 
db 0 , 0 , 20 , 12 , 40 , 0 , 0 
db 0 , 0 , 20 , 24 , 40 , 0 , 0 
db 0 , 0 , 0 , 60 , 0 , 0 , 0 
db 0 , 0 , 0 , 240 , 0 , 0 , 0 
db 0 , 0 , 0 , 0 , 0 , 0 , 0 
db 0 , 0 , 0 , 0 , 0 , 0 , 0 
db 0 , 0 , 0 , 0 , 0 , 0 , 0 
db 0 , 0 , 0 , 0 , 0 , 0 , 0 
db 0 , 0 , 0 , 0 , 0 , 0 , 0 
;------ END SPRITE --------
;------ BEGIN SPRITE --------
db 7 ; ancho
db 22 ; alto
db 121 , 0 , 0 , 0 , 0 , 0 , 0 
db 0 , 0 , 0 , 0 , 0 , 0 , 0 
db 0 , 0 , 0 , 0 , 0 , 0 , 0 
db 0 , 0 , 0 , 0 , 0 , 0 , 0 
db 0 , 0 , 0 , 0 , 0 , 0 , 0 
db 0 , 80 , 208 , 252 , 224 , 160 , 0 
db 0 , 180 , 156 , 204 , 108 , 120 , 0 
db 0 , 60 , 60 , 204 , 60 , 60 , 0 
db 0 , 180 , 60 , 205 , 60 , 120 , 0 
db 0 , 120 , 60 , 205 , 60 , 180 , 0 
db 0 , 40 , 240 , 207 , 240 , 20 , 0 
db 0 , 40 , 4 , 240 , 8 , 20 , 0 
db 0 , 40 , 4 , 36 , 8 , 20 , 0 
db 0 , 0 , 20 , 12 , 40 , 0 , 0 
db 0 , 0 , 20 , 24 , 40 , 0 , 0 
db 0 , 0 , 0 , 60 , 0 , 0 , 0 
db 0 , 0 , 0 , 240 , 0 , 0 , 0 
db 0 , 0 , 0 , 0 , 0 , 0 , 0 
db 0 , 0 , 0 , 0 , 0 , 0 , 0 
db 0 , 0 , 0 , 0 , 0 , 0 , 0 
db 0 , 0 , 0 , 0 , 0 , 0 , 0 
db 0 , 0 , 0 , 0 , 0 , 0 , 0 
;------ END SPRITE --------
;------ BEGIN SPRITE --------
db 4 ; ancho
db 24 ; alto
db 207 , 207 , 207 , 207 
db 207 , 207 , 207 , 207 
db 207 , 207 , 207 , 207 
db 207 , 207 , 218 , 210 
db 207 , 225 , 206 , 160 
db 207 , 216 , 199 , 160 
db 207 , 206 , 229 , 160 
db 207 , 207 , 216 , 0 
db 207 , 199 , 218 , 0 
db 207 , 225 , 210 , 0 
db 207 , 218 , 240 , 0 
db 203 , 229 , 205 , 160 
db 218 , 205 , 207 , 218 
db 206 , 207 , 207 , 218 
db 207 , 199 , 203 , 216 
db 207 , 225 , 198 , 160 
db 207 , 216 , 210 , 0 
db 207 , 206 , 160 , 0 
db 207 , 195 , 160 , 0 
db 207 , 195 , 160 , 0 
db 203 , 216 , 0 , 0 
db 206 , 160 , 0 , 0 
db 218 , 0 , 0 , 0 
db 138 , 0 , 0 , 0 
;------ END SPRITE --------
;------ BEGIN SPRITE --------
db 4 ; ancho
db 24 ; alto
db 207 , 207 , 207 , 207 
db 207 , 207 , 207 , 207 
db 207 , 207 , 207 , 207 
db 225 , 229 , 207 , 207 
db 80 , 205 , 210 , 207 
db 80 , 203 , 228 , 207 
db 80 , 218 , 205 , 207 
db 0 , 228 , 207 , 207 
db 0 , 229 , 203 , 207 
db 0 , 225 , 210 , 207 
db 0 , 240 , 229 , 207 
db 80 , 206 , 218 , 199 
db 229 , 207 , 206 , 229 
db 229 , 207 , 207 , 205 
db 228 , 199 , 203 , 207 
db 80 , 201 , 210 , 207 
db 0 , 225 , 228 , 207 
db 0 , 80 , 205 , 207 
db 0 , 80 , 195 , 207 
db 0 , 80 , 195 , 138 
db 0 , 0 , 228 , 199 
db 0 , 0 , 80 , 205 
db 0 , 0 , 0 , 229 
db 0 , 0 , 0 , 69 
;------ END SPRITE --------
;------ BEGIN SPRITE --------
db 4 ; ancho
db 24 ; alto
db 0 , 0 , 0 , 69 
db 0 , 0 , 0 , 229 
db 0 , 0 , 80 , 205 
db 0 , 0 , 228 , 199 
db 0 , 80 , 195 , 138 
db 0 , 80 , 195 , 207 
db 0 , 80 , 205 , 207 
db 0 , 225 , 228 , 207 
db 80 , 201 , 210 , 207 
db 228 , 199 , 203 , 207 
db 229 , 207 , 207 , 205 
db 229 , 207 , 206 , 229 
db 80 , 206 , 218 , 199 
db 0 , 240 , 229 , 207 
db 0 , 225 , 210 , 207 
db 0 , 229 , 203 , 207 
db 0 , 228 , 207 , 207 
db 80 , 218 , 205 , 207 
db 80 , 203 , 228 , 207 
db 80 , 205 , 210 , 138 
db 225 , 229 , 207 , 207 
db 207 , 207 , 207 , 207 
db 207 , 207 , 207 , 207 
db 207 , 207 , 207 , 207 
;------ END SPRITE --------
;------ BEGIN SPRITE --------
db 4 ; ancho
db 24 ; alto
db 0 , 0 , 0 , 0 
db 0 , 0 , 0 , 0 
db 0 , 0 , 0 , 0 
db 0 , 0 , 0 , 229 
db 0 , 0 , 210 , 205 
db 0 , 0 , 80 , 199 
db 0 , 0 , 80 , 199 
db 0 , 65 , 80 , 199 
db 0 , 65 , 228 , 199 
db 0 , 0 , 228 , 207 
db 0 , 0 , 225 , 207 
db 0 , 0 , 229 , 207 
db 0 , 0 , 229 , 229 
db 0 , 80 , 210 , 195 
db 0 , 228 , 201 , 199 
db 0 , 229 , 206 , 199 
db 0 , 65 , 203 , 199 
db 0 , 80 , 199 , 203 
db 0 , 228 , 225 , 207 
db 80 , 205 , 216 , 199 
db 80 , 207 , 203 , 199 
db 80 , 207 , 195 , 207 
db 229 , 207 , 207 , 207 
db 207 , 207 , 207 , 207 
;------ END SPRITE --------
;------ BEGIN SPRITE --------
db 4 ; ancho
db 24 ; alto
db 0 , 0 , 0 , 0 
db 0 , 0 , 0 , 0 
db 0 , 0 , 0 , 0 
db 218 , 0 , 0 , 0 
db 206 , 225 , 0 , 0 
db 203 , 160 , 0 , 0 
db 203 , 160 , 0 , 0 
db 203 , 160 , 130 , 0 
db 203 , 216 , 130 , 0 
db 207 , 216 , 0 , 0 
db 207 , 210 , 0 , 0 
db 207 , 218 , 0 , 0 
db 218 , 218 , 0 , 0 
db 195 , 225 , 160 , 0 
db 203 , 198 , 216 , 0 
db 203 , 205 , 218 , 0 
db 203 , 199 , 160 , 0 
db 199 , 203 , 160 , 0 
db 207 , 210 , 216 , 0 
db 203 , 228 , 206 , 160 
db 203 , 199 , 207 , 160 
db 207 , 195 , 207 , 160 
db 207 , 207 , 207 , 218 
db 207 , 207 , 207 , 207 
;------ END SPRITE --------
;------ BEGIN SPRITE --------
db 4 ; ancho
db 24 ; alto
db 160 , 0 , 0 , 0 
db 218 , 0 , 0 , 0 
db 218 , 0 , 0 , 0 
db 218 , 0 , 0 , 0 
db 206 , 225 , 0 , 0 
db 203 , 160 , 0 , 0 
db 203 , 160 , 0 , 0 
db 203 , 160 , 130 , 0 
db 203 , 216 , 130 , 0 
db 207 , 216 , 0 , 0 
db 207 , 210 , 0 , 0 
db 207 , 218 , 0 , 0 
db 218 , 218 , 0 , 0 
db 195 , 225 , 160 , 0 
db 203 , 198 , 216 , 0 
db 203 , 205 , 218 , 0 
db 203 , 199 , 160 , 0 
db 199 , 203 , 160 , 0 
db 207 , 210 , 216 , 0 
db 203 , 228 , 206 , 160 
db 203 , 199 , 207 , 160 
db 207 , 195 , 207 , 160 
db 207 , 207 , 207 , 218 
db 207 , 207 , 207 , 207 
;------ END SPRITE --------
;------ BEGIN SPRITE --------
db 4 ; ancho
db 24 ; alto
db 0 , 0 , 0 , 0 
db 0 , 0 , 0 , 0 
db 0 , 0 , 0 , 0 
db 218 , 0 , 0 , 0 
db 206 , 225 , 0 , 0 
db 203 , 160 , 0 , 0 
db 203 , 160 , 0 , 0 
db 203 , 160 , 130 , 0 
db 203 , 216 , 130 , 0 
db 207 , 216 , 0 , 0 
db 207 , 210 , 0 , 0 
db 207 , 218 , 0 , 0 
db 218 , 218 , 0 , 0 
db 195 , 225 , 160 , 0 
db 203 , 198 , 216 , 0 
db 203 , 205 , 218 , 0 
db 203 , 199 , 160 , 0 
db 199 , 203 , 160 , 0 
db 207 , 210 , 216 , 0 
db 203 , 228 , 206 , 160 
db 203 , 199 , 207 , 160 
db 207 , 195 , 207 , 160 
db 207 , 207 , 207 , 218 
db 207 , 207 , 207 , 207 
;------ END SPRITE --------
;------ BEGIN SPRITE --------
db 4 ; ancho
db 24 ; alto
db 0 , 0 , 0 , 0 
db 0 , 0 , 0 , 0 
db 0 , 0 , 0 , 0 
db 218 , 0 , 0 , 0 
db 206 , 160 , 0 , 0 
db 203 , 160 , 0 , 0 
db 203 , 160 , 0 , 0 
db 203 , 160 , 0 , 0 
db 203 , 216 , 0 , 0 
db 207 , 216 , 0 , 0 
db 207 , 210 , 0 , 0 
db 207 , 218 , 0 , 0 
db 218 , 218 , 0 , 0 
db 195 , 225 , 160 , 0 
db 203 , 198 , 216 , 0 
db 203 , 205 , 218 , 0 
db 203 , 199 , 160 , 0 
db 199 , 203 , 160 , 0 
db 207 , 210 , 216 , 0 
db 203 , 228 , 206 , 160 
db 203 , 199 , 207 , 160 
db 207 , 195 , 207 , 160 
db 207 , 207 , 207 , 218 
db 207 , 207 , 207 , 207 
;------ END SPRITE --------
;------ BEGIN SPRITE --------
db 4 ; ancho
db 24 ; alto
db 0 , 0 , 0 , 0 
db 0 , 0 , 0 , 0 
db 0 , 0 , 0 , 0 
db 0 , 0 , 0 , 229 
db 0 , 0 , 80 , 205 
db 0 , 0 , 80 , 199 
db 0 , 0 , 80 , 199 
db 0 , 0 , 80 , 199 
db 0 , 0 , 228 , 199 
db 0 , 0 , 228 , 207 
db 0 , 0 , 225 , 138 
db 0 , 0 , 229 , 207 
db 0 , 0 , 229 , 229 
db 0 , 80 , 210 , 195 
db 0 , 228 , 201 , 199 
db 0 , 229 , 206 , 199 
db 0 , 80 , 203 , 199 
db 0 , 80 , 199 , 203 
db 0 , 228 , 225 , 207 
db 80 , 205 , 216 , 199 
db 80 , 207 , 203 , 199 
db 80 , 207 , 195 , 207 
db 229 , 207 , 207 , 207 
db 207 , 207 , 207 , 207 
;------ END SPRITE --------
;------ BEGIN SPRITE --------
db 6 ; ancho
db 16 ; alto
db 0 , 0 , 0 , 0 , 0 , 0 
db 0 , 0 , 0 , 0 , 0 , 0 
db 0 , 0 , 0 , 0 , 0 , 0 
db 0 , 68 , 204 , 204 , 136 , 0 
db 0 , 204 , 240 , 240 , 204 , 0 
db 0 , 216 , 180 , 180 , 228 , 0 
db 0 , 114 , 60 , 60 , 177 , 0 
db 0 , 216 , 61 , 62 , 228 , 0 
db 0 , 114 , 61 , 62 , 177 , 0 
db 0 , 216 , 61 , 62 , 228 , 0 
db 0 , 114 , 61 , 62 , 177 , 0 
db 0 , 156 , 61 , 62 , 228 , 0 
db 0 , 114 , 60 , 120 , 177 , 0 
db 0 , 216 , 60 , 120 , 228 , 0 
db 0 , 204 , 240 , 240 , 204 , 0 
db 0 , 68 , 204 , 204 , 136 , 0 
;------ END SPRITE --------
;------ BEGIN SPRITE --------
db 8 ; ancho
db 32 ; alto
db 0 , 0 , 0 , 0 , 0 , 0 , 0 , 240 
db 0 , 0 , 0 , 0 , 0 , 0 , 240 , 48 
db 0 , 0 , 0 , 0 , 0 , 80 , 48 , 48 
db 0 , 0 , 0 , 0 , 240 , 176 , 48 , 48 
db 0 , 0 , 0 , 80 , 12 , 12 , 37 , 48 
db 0 , 0 , 0 , 4 , 12 , 88 , 15 , 112 
db 0 , 0 , 0 , 164 , 12 , 180 , 15 , 112 
db 0 , 0 , 0 , 12 , 88 , 60 , 26 , 32 
db 160 , 0 , 240 , 12 , 240 , 45 , 26 , 32 
db 112 , 0 , 52 , 240 , 180 , 37 , 18 , 160 
db 48 , 240 , 176 , 60 , 56 , 10 , 176 , 160 
db 48 , 48 , 48 , 26 , 10 , 10 , 112 , 160 
db 16 , 48 , 48 , 37 , 10 , 90 , 112 , 0 
db 176 , 48 , 176 , 112 , 15 , 176 , 112 , 0 
db 160 , 112 , 48 , 165 , 15 , 48 , 160 , 0 
db 80 , 176 , 48 , 160 , 80 , 48 , 160 , 0 
db 80 , 176 , 48 , 112 , 176 , 112 , 0 , 64 
db 80 , 48 , 48 , 48 , 48 , 32 , 0 , 64 
db 16 , 112 , 112 , 48 , 48 , 32 , 80 , 160 
db 16 , 176 , 48 , 48 , 112 , 48 , 176 , 160 
db 112 , 48 , 48 , 48 , 176 , 112 , 48 , 0 
db 176 , 48 , 112 , 112 , 48 , 48 , 32 , 0 
db 176 , 48 , 48 , 176 , 48 , 48 , 32 , 0 
db 240 , 48 , 48 , 240 , 48 , 176 , 0 , 0 
db 112 , 176 , 48 , 112 , 240 , 48 , 0 , 0 
db 152 , 176 , 48 , 112 , 176 , 32 , 0 , 0 
db 196 , 176 , 48 , 160 , 64 , 128 , 0 , 0 
db 204 , 240 , 48 , 0 , 192 , 0 , 0 , 0 
db 196 , 216 , 112 , 0 , 128 , 0 , 0 , 0 
db 202 , 218 , 0 , 0 , 0 , 0 , 0 , 0 
db 197 , 128 , 0 , 0 , 0 , 0 , 0 , 0 
db 128 , 0 , 0 , 0 , 0 , 0 , 0 , 0 
;------ END SPRITE --------
;------ BEGIN SPRITE --------
db 8 ; ancho
db 30 ; alto
db 0 , 0 , 4 , 88 , 48 , 8 , 0 , 0 
db 0 , 0 , 8 , 48 , 48 , 36 , 0 , 0 
db 0 , 4 , 12 , 12 , 12 , 48 , 8 , 0 
db 0 , 4 , 12 , 12 , 73 , 134 , 8 , 0 
db 0 , 24 , 12 , 12 , 195 , 195 , 44 , 0 
db 4 , 13 , 24 , 134 , 195 , 195 , 28 , 8 
db 16 , 36 , 195 , 195 , 195 , 195 , 52 , 8 
db 4 , 73 , 146 , 199 , 203 , 195 , 36 , 40 
db 4 , 75 , 134 , 207 , 195 , 146 , 150 , 8 
db 4 , 73 , 73 , 195 , 195 , 48 , 52 , 40 
db 12 , 12 , 195 , 195 , 146 , 48 , 48 , 44 
db 48 , 12 , 199 , 195 , 146 , 97 , 28 , 28 
db 48 , 12 , 75 , 195 , 24 , 12 , 195 , 44 
db 195 , 101 , 15 , 195 , 12 , 12 , 150 , 28 
db 146 , 73 , 134 , 73 , 134 , 73 , 44 , 109 
db 97 , 73 , 142 , 12 , 134 , 24 , 12 , 60 
db 195 , 12 , 134 , 195 , 134 , 36 , 158 , 207 
db 195 , 12 , 199 , 195 , 146 , 48 , 101 , 150 
db 24 , 12 , 73 , 195 , 48 , 12 , 56 , 105 
db 24 , 24 , 48 , 195 , 134 , 28 , 52 , 150 
db 48 , 48 , 97 , 195 , 134 , 24 , 52 , 150 
db 48 , 146 , 79 , 195 , 195 , 52 , 73 , 199 
db 16 , 134 , 13 , 199 , 195 , 36 , 56 , 150 
db 16 , 97 , 77 , 73 , 203 , 28 , 158 , 207 
db 16 , 97 , 12 , 73 , 203 , 109 , 109 , 138 
db 0 , 48 , 36 , 73 , 134 , 28 , 207 , 0 
db 0 , 16 , 12 , 12 , 12 , 44 , 207 , 0 
db 0 , 16 , 36 , 36 , 12 , 28 , 138 , 0 
db 0 , 0 , 48 , 48 , 48 , 56 , 32 , 0 
db 0 , 0 , 4 , 48 , 48 , 48 , 0 , 0 
;------ END SPRITE --------
;------ BEGIN SPRITE --------
db 7 ; ancho
db 26 ; alto
db 40 , 0 , 0 , 0 , 0 , 0 , 20 
db 0 , 0 , 0 , 0 , 0 , 0 , 0 
db 0 , 15 , 0 , 0 , 0 , 15 , 0 
db 0 , 5 , 10 , 0 , 5 , 10 , 0 
db 0 , 17 , 15 , 0 , 15 , 34 , 0 
db 0 , 5 , 15 , 60 , 90 , 10 , 0 
db 0 , 0 , 54 , 15 , 57 , 0 , 0 
db 0 , 0 , 90 , 15 , 165 , 0 , 0 
db 0 , 0 , 17 , 101 , 32 , 0 , 0 
db 0 , 0 , 5 , 207 , 138 , 0 , 0 
db 0 , 0 , 0 , 207 , 138 , 0 , 0 
db 0 , 0 , 5 , 229 , 160 , 0 , 0 
db 0 , 0 , 15 , 79 , 15 , 0 , 0 
db 0 , 5 , 0 , 15 , 10 , 10 , 0 
db 0 , 5 , 0 , 5 , 0 , 10 , 0 
db 0 , 15 , 10 , 0 , 5 , 15 , 0 
db 0 , 10 , 10 , 0 , 5 , 5 , 0 
db 0 , 0 , 0 , 0 , 0 , 0 , 0 
db 0 , 0 , 0 , 0 , 0 , 0 , 0 
db 0 , 0 , 0 , 0 , 0 , 0 , 0 
db 0 , 0 , 0 , 0 , 0 , 0 , 0 
db 0 , 0 , 0 , 0 , 0 , 0 , 0 
db 0 , 0 , 0 , 0 , 0 , 0 , 0 
db 0 , 0 , 0 , 0 , 0 , 0 , 0 
db 0 , 0 , 0 , 0 , 0 , 0 , 0 
db 0 , 0 , 0 , 0 , 0 , 0 , 0 
;------ END SPRITE --------
;------ BEGIN SPRITE --------
db 16 ; ancho
db 32 ; alto
db 0 , 0 , 16 , 48 , 0 , 0 , 0 , 0 , 0 , 0 , 0 , 0 , 0 , 0 , 0 , 0 
db 0 , 0 , 0 , 48 , 32 , 0 , 0 , 0 , 0 , 0 , 0 , 0 , 0 , 0 , 0 , 0 
db 0 , 0 , 0 , 48 , 48 , 0 , 0 , 0 , 0 , 0 , 0 , 0 , 0 , 0 , 0 , 0 
db 0 , 0 , 0 , 48 , 48 , 0 , 0 , 0 , 0 , 0 , 0 , 0 , 0 , 0 , 0 , 0 
db 0 , 0 , 0 , 16 , 48 , 24 , 48 , 48 , 224 , 0 , 0 , 0 , 0 , 0 , 0 , 0 
db 0 , 0 , 0 , 16 , 48 , 36 , 32 , 0 , 0 , 0 , 0 , 0 , 0 , 0 , 0 , 0 
db 0 , 0 , 0 , 16 , 48 , 112 , 8 , 0 , 0 , 0 , 0 , 0 , 0 , 0 , 0 , 0 
db 0 , 0 , 0 , 16 , 48 , 176 , 36 , 0 , 0 , 0 , 0 , 0 , 0 , 0 , 0 , 0 
db 0 , 0 , 132 , 4 , 176 , 176 , 48 , 164 , 24 , 176 , 48 , 48 , 32 , 0 , 0 , 0 
db 69 , 192 , 156 , 48 , 112 , 176 , 112 , 48 , 112 , 48 , 240 , 164 , 24 , 0 , 0 , 0 
db 128 , 207 , 48 , 48 , 48 , 48 , 100 , 48 , 48 , 48 , 240 , 240 , 12 , 8 , 0 , 0 
db 68 , 192 , 156 , 48 , 48 , 48 , 48 , 48 , 48 , 48 , 88 , 240 , 240 , 48 , 0 , 0 
db 64 , 68 , 140 , 48 , 48 , 48 , 112 , 48 , 48 , 112 , 12 , 240 , 176 , 48 , 48 , 0 
db 197 , 205 , 52 , 48 , 32 , 16 , 100 , 48 , 48 , 48 , 240 , 152 , 48 , 28 , 48 , 32 
db 64 , 207 , 140 , 48 , 160 , 48 , 48 , 48 , 48 , 48 , 48 , 48 , 48 , 36 , 56 , 48 
db 0 , 64 , 156 , 48 , 16 , 48 , 48 , 176 , 48 , 48 , 48 , 48 , 48 , 48 , 48 , 36 
db 0 , 0 , 4 , 112 , 48 , 112 , 48 , 100 , 152 , 48 , 48 , 48 , 48 , 48 , 36 , 0 
db 0 , 0 , 0 , 16 , 48 , 48 , 164 , 88 , 80 , 240 , 12 , 48 , 48 , 36 , 0 , 0 
db 0 , 0 , 0 , 16 , 48 , 12 , 0 , 0 , 0 , 0 , 0 , 16 , 0 , 0 , 0 , 0 
db 0 , 0 , 0 , 16 , 36 , 0 , 0 , 0 , 0 , 0 , 0 , 16 , 32 , 0 , 0 , 0 
db 0 , 0 , 0 , 16 , 8 , 0 , 0 , 0 , 0 , 0 , 0 , 48 , 48 , 224 , 0 , 0 
db 0 , 0 , 0 , 48 , 48 , 0 , 0 , 0 , 0 , 0 , 0 , 0 , 0 , 0 , 0 , 0 
db 0 , 0 , 16 , 48 , 48 , 48 , 48 , 112 , 128 , 0 , 0 , 0 , 0 , 0 , 0 , 0 
db 0 , 0 , 0 , 0 , 0 , 0 , 0 , 0 , 0 , 0 , 0 , 0 , 0 , 0 , 0 , 0 
db 0 , 0 , 0 , 0 , 0 , 0 , 0 , 0 , 0 , 0 , 0 , 0 , 0 , 0 , 0 , 0 
db 0 , 0 , 0 , 0 , 0 , 0 , 0 , 0 , 0 , 0 , 0 , 0 , 0 , 0 , 0 , 0 
db 0 , 0 , 0 , 0 , 0 , 0 , 0 , 0 , 0 , 0 , 0 , 0 , 0 , 0 , 0 , 0 
db 0 , 0 , 0 , 0 , 0 , 0 , 0 , 0 , 0 , 0 , 0 , 0 , 0 , 0 , 0 , 0 
db 0 , 0 , 0 , 0 , 0 , 0 , 0 , 0 , 0 , 0 , 0 , 0 , 0 , 0 , 0 , 0 
db 0 , 0 , 0 , 0 , 0 , 0 , 0 , 0 , 0 , 0 , 0 , 0 , 0 , 0 , 0 , 0 
db 0 , 0 , 0 , 0 , 0 , 0 , 0 , 0 , 0 , 0 , 0 , 0 , 0 , 0 , 0 , 0 
db 0 , 0 , 0 , 0 , 0 , 0 , 0 , 0 , 0 , 0 , 0 , 0 , 0 , 0 , 0 , 0 
;------ END SPRITE --------
q************************************;------ BEGIN SPRITE --------
db 4 ; ancho
db 14 ; alto
db 80 , 240 , 240 , 0 
db 80 , 152 , 205 , 160 
db 228 , 152 , 204 , 112 
db 176 , 204 , 48 , 207 
db 48 , 204 , 48 , 207 
db 204 , 48 , 205 , 48 
db 204 , 48 , 205 , 48 
db 204 , 48 , 205 , 204 
db 48 , 204 , 48 , 207 
db 48 , 204 , 48 , 207 
db 100 , 204 , 48 , 154 
db 228 , 48 , 205 , 112 
db 80 , 48 , 207 , 160 
db 80 , 240 , 240 , 0 
;------ END SPRITE --------
