;------ BEGIN IMAGE --------
CAR
db 10 ; ancho
db 16 ; alto
db 0 , 0 , 0 , 0 , 240 , 240 , 160 , 0 , 0 , 0 
db 0 , 0 , 16 , 240 , 196 , 200 , 216 , 112 , 0 , 0 
db 0 , 0 , 80 , 228 , 196 , 200 , 204 , 240 , 0 , 0 
db 0 , 0 , 80 , 228 , 196 , 200 , 204 , 240 , 0 , 0 
db 0 , 0 , 80 , 204 , 196 , 200 , 204 , 240 , 0 , 0 
db 0 , 0 , 80 , 216 , 204 , 204 , 228 , 216 , 0 , 0 
db 0 , 0 , 0 , 164 , 240 , 240 , 88 , 136 , 0 , 0 
db 0 , 0 , 240 , 176 , 48 , 36 , 88 , 240 , 0 , 0 
db 0 , 80 , 32 , 164 , 12 , 12 , 88 , 32 , 160 , 0 
db 0 , 80 , 240 , 228 , 12 , 12 , 216 , 240 , 160 , 0 
db 0 , 80 , 240 , 228 , 204 , 204 , 216 , 240 , 160 , 0 
db 0 , 80 , 240 , 228 , 204 , 204 , 216 , 240 , 160 , 0 
db 0 , 80 , 240 , 240 , 204 , 204 , 240 , 240 , 160 , 0 
db 0 , 80 , 240 , 240 , 240 , 240 , 240 , 240 , 160 , 0 
db 0 , 80 , 240 , 240 , 240 , 240 , 240 , 240 , 160 , 0 
db 0 , 0 , 240 , 80 , 240 , 240 , 80 , 240 , 0 , 0 
;------ END SPRITE --------

;------ BEGIN IMAGE  --------
CAR_RIGHT
db 10 ; ancho
db 16 ; alto
db 0 , 0 , 0 , 0 , 80 , 240 , 240 , 160 , 0 , 0 
db 0 , 0 , 0 , 0 , 228 , 196 , 196 , 216 , 0 , 0 
db 0 , 0 , 0 , 80 , 200 , 200 , 204 , 76 , 0 , 0 
db 0 , 0 , 0 , 228 , 196 , 196 , 140 , 100 , 112 , 0 
db 0 , 0 , 0 , 228 , 196 , 196 , 140 , 216 , 240 , 0 
db 0 , 0 , 80 , 204 , 204 , 204 , 204 , 216 , 240 , 0 
db 0 , 0 , 80 , 76 , 204 , 152 , 220 , 216 , 240 , 0 
db 0 , 0 , 240 , 24 , 48 , 36 , 216 , 240 , 240 , 0 
db 0 , 80 , 112 , 140 , 12 , 12 , 248 , 112 , 240 , 0 
db 0 , 80 , 240 , 140 , 12 , 76 , 240 , 160 , 160 , 0 
db 0 , 80 , 240 , 204 , 204 , 204 , 240 , 160 , 160 , 0 
db 0 , 80 , 240 , 204 , 204 , 204 , 240 , 160 , 160 , 0 
db 0 , 80 , 240 , 228 , 204 , 204 , 240 , 160 , 160 , 0 
db 0 , 80 , 240 , 240 , 240 , 240 , 240 , 240 , 160 , 0 
db 0 , 80 , 240 , 80 , 240 , 240 , 240 , 240 , 160 , 0 
db 0 , 0 , 240 , 80 , 240 , 160 , 80 , 240 , 0 , 0 
;------ END SPRITE --------

;------ BEGIN SPRITE --------
CAR_LEFT
db 10 ; ancho
db 16 ; alto
db 0 , 0 , 80 , 240 , 240 , 160 , 0 , 0 , 0 , 0 
db 0 , 0 , 228 , 200 , 200 , 216 , 0 , 0 , 0 , 0 
db 0 , 0 , 140 , 204 , 196 , 196 , 160 , 0 , 0 , 0 
db 0 , 176 , 152 , 76 , 200 , 200 , 216 , 0 , 0 , 0 
db 0 , 240 , 228 , 76 , 200 , 200 , 216 , 0 , 0 , 0 
db 0 , 240 , 228 , 204 , 204 , 204 , 204 , 160 , 0 , 0 
db 0 , 240 , 228 , 236 , 100 , 204 , 140 , 160 , 0 , 0 
db 0 , 240 , 240 , 228 , 24 , 48 , 36 , 240 , 0 , 0 
db 0 , 240 , 176 , 244 , 12 , 12 , 76 , 176 , 160 , 0 
db 0 , 80 , 80 , 240 , 140 , 12 , 76 , 240 , 160 , 0 
db 0 , 80 , 80 , 240 , 204 , 204 , 204 , 240 , 160 , 0 
db 0 , 80 , 80 , 240 , 204 , 204 , 204 , 240 , 160 , 0 
db 0 , 80 , 80 , 240 , 204 , 204 , 216 , 240 , 160 , 0 
db 0 , 80 , 240 , 240 , 240 , 240 , 240 , 240 , 160 , 0 
db 0 , 80 , 240 , 240 , 240 , 240 , 160 , 240 , 160 , 0 
db 0 , 0 , 240 , 160 , 80 , 240 , 160 , 240 , 0 , 0 
;------ END SPRITE --------