;------ BEGIN SPRITE --------
db 1 ; ancho
db 8 ; alto
db 192 
db 207 
db 252 
db 204 
db 0 
db 0 
db 0 
db 0 
;------ END SPRITE --------
;------ BEGIN SPRITE --------
db 9 ; ancho
db 26 ; alto
db 40 , 0 , 0 , 0 , 0 , 0 , 0 , 0 , 0 
db 0 , 0 , 0 , 0 , 0 , 0 , 0 , 0 , 0 
db 0 , 0 , 0 , 0 , 0 , 0 , 0 , 0 , 0 
db 0 , 0 , 0 , 204 , 195 , 130 , 0 , 0 , 0 
db 0 , 0 , 16 , 90 , 75 , 65 , 130 , 0 , 0 
db 0 , 0 , 78 , 225 , 195 , 195 , 67 , 0 , 0 
db 0 , 16 , 216 , 90 , 195 , 131 , 105 , 0 , 0 
db 0 , 68 , 165 , 225 , 195 , 210 , 150 , 130 , 0 
db 0 , 68 , 228 , 75 , 210 , 195 , 195 , 40 , 0 
db 0 , 173 , 216 , 135 , 225 , 195 , 150 , 105 , 0 
db 0 , 100 , 78 , 195 , 105 , 195 , 195 , 41 , 0 
db 0 , 228 , 141 , 195 , 210 , 135 , 150 , 150 , 0 
db 0 , 216 , 90 , 195 , 195 , 195 , 195 , 41 , 0 
db 0 , 100 , 228 , 161 , 225 , 195 , 195 , 56 , 0 
db 0 , 156 , 201 , 216 , 195 , 195 , 195 , 150 , 0 
db 0 , 100 , 105 , 68 , 195 , 195 , 195 , 3 , 0 
db 0 , 156 , 201 , 131 , 67 , 195 , 195 , 83 , 0 
db 0 , 244 , 201 , 233 , 233 , 195 , 225 , 105 , 0 
db 0 , 152 , 218 , 214 , 195 , 195 , 195 , 150 , 0 
db 0 , 100 , 205 , 225 , 210 , 195 , 131 , 56 , 0 
db 0 , 16 , 248 , 203 , 225 , 195 , 150 , 130 , 0 
db 0 , 68 , 116 , 229 , 195 , 195 , 195 , 162 , 0 
db 0 , 16 , 216 , 248 , 207 , 161 , 60 , 0 , 0 
db 0 , 0 , 205 , 229 , 60 , 30 , 105 , 0 , 0 
db 0 , 0 , 16 , 216 , 237 , 41 , 32 , 0 , 0 
db 0 , 0 , 0 , 100 , 229 , 10 , 0 , 0 , 0 
;------ END SPRITE --------
;------ BEGIN SPRITE --------
db 9 ; ancho
db 29 ; alto
db 0 , 0 , 0 , 0 , 0 , 0 , 0 , 0 , 0 
db 0 , 0 , 0 , 0 , 0 , 0 , 0 , 0 , 0 
db 0 , 0 , 0 , 0 , 0 , 0 , 0 , 0 , 0 
db 0 , 0 , 0 , 0 , 0 , 0 , 0 , 0 , 0 
db 0 , 0 , 0 , 0 , 0 , 0 , 0 , 0 , 0 
db 0 , 0 , 0 , 204 , 195 , 130 , 0 , 0 , 0 
db 0 , 0 , 16 , 90 , 75 , 65 , 130 , 0 , 0 
db 0 , 0 , 78 , 240 , 195 , 164 , 97 , 0 , 0 
db 0 , 16 , 216 , 225 , 195 , 240 , 73 , 0 , 0 
db 0 , 68 , 165 , 225 , 195 , 90 , 164 , 130 , 0 
db 0 , 68 , 228 , 90 , 195 , 90 , 240 , 8 , 0 
db 0 , 173 , 216 , 135 , 195 , 135 , 240 , 225 , 0 
db 0 , 100 , 78 , 195 , 195 , 195 , 90 , 56 , 0 
db 0 , 228 , 141 , 195 , 195 , 195 , 210 , 225 , 0 
db 0 , 152 , 90 , 195 , 195 , 195 , 135 , 11 , 0 
db 0 , 100 , 100 , 161 , 225 , 195 , 210 , 210 , 0 
db 0 , 152 , 201 , 210 , 195 , 195 , 195 , 225 , 0 
db 0 , 48 , 48 , 65 , 195 , 195 , 210 , 195 , 0 
db 0 , 152 , 152 , 131 , 82 , 195 , 195 , 82 , 0 
db 0 , 116 , 97 , 97 , 195 , 195 , 195 , 105 , 0 
db 0 , 48 , 154 , 214 , 210 , 195 , 225 , 150 , 0 
db 0 , 100 , 205 , 225 , 195 , 195 , 195 , 120 , 0 
db 0 , 16 , 184 , 203 , 225 , 210 , 150 , 130 , 0 
db 0 , 16 , 116 , 229 , 195 , 195 , 225 , 160 , 0 
db 0 , 16 , 152 , 248 , 218 , 161 , 210 , 160 , 0 
db 0 , 0 , 101 , 101 , 60 , 30 , 225 , 0 , 0 
db 0 , 0 , 16 , 152 , 248 , 161 , 130 , 0 , 0 
db 0 , 0 , 0 , 100 , 48 , 94 , 0 , 0 , 0 
db 0 , 0 , 0 , 240 , 240 , 160 , 0 , 0 , 0 
;------ END SPRITE --------
;------ BEGIN SPRITE --------
db 8 ; ancho
db 25 ; alto
db 0 , 0 , 0 , 0 , 0 , 0 , 0 , 0 
db 0 , 0 , 0 , 0 , 0 , 0 , 0 , 0 
db 0 , 0 , 0 , 80 , 160 , 0 , 0 , 0 
db 0 , 0 , 0 , 164 , 88 , 0 , 0 , 0 
db 0 , 0 , 80 , 28 , 164 , 160 , 0 , 0 
db 0 , 0 , 164 , 60 , 60 , 88 , 0 , 0 
db 0 , 0 , 164 , 60 , 60 , 112 , 0 , 0 
db 0 , 0 , 164 , 120 , 180 , 112 , 0 , 0 
db 0 , 160 , 164 , 176 , 112 , 112 , 80 , 0 
db 0 , 0 , 240 , 48 , 48 , 240 , 64 , 0 
db 0 , 128 , 80 , 164 , 88 , 160 , 64 , 0 
db 0 , 128 , 80 , 112 , 176 , 160 , 64 , 0 
db 0 , 160 , 80 , 48 , 48 , 160 , 80 , 0 
db 0 , 32 , 240 , 48 , 49 , 240 , 16 , 0 
db 0 , 112 , 164 , 176 , 112 , 88 , 176 , 0 
db 0 , 112 , 12 , 24 , 36 , 12 , 176 , 0 
db 0 , 36 , 24 , 24 , 36 , 36 , 176 , 0 
db 0 , 36 , 48 , 48 , 48 , 48 , 24 , 0 
db 0 , 48 , 48 , 176 , 112 , 48 , 48 , 0 
db 0 , 176 , 48 , 176 , 112 , 48 , 112 , 0 
db 0 , 80 , 229 , 208 , 224 , 218 , 160 , 0 
db 0 , 0 , 68 , 138 , 69 , 136 , 0 , 0 
db 0 , 0 , 0 , 136 , 68 , 0 , 0 , 0 
db 0 , 0 , 0 , 0 , 0 , 0 , 0 , 0 
db 0 , 0 , 0 , 0 , 0 , 0 , 0 , 0 
;------ END SPRITE --------
