;------ BEGIN IMAGE --------
db 12 ; ancho
db 48 ; alto
db 0 , 0 , 0 , 0 , 0 , 0 , 0 , 0 , 0 , 0 , 0 , 0 
db 0 , 0 , 0 , 0 , 0 , 0 , 0 , 0 , 0 , 0 , 0 , 0 
db 0 , 0 , 0 , 0 , 0 , 68 , 136 , 0 , 0 , 0 , 0 , 0 
db 0 , 0 , 0 , 0 , 0 , 140 , 76 , 0 , 0 , 0 , 0 , 0 
db 0 , 0 , 0 , 0 , 68 , 12 , 12 , 136 , 0 , 0 , 0 , 0 
db 0 , 0 , 0 , 0 , 204 , 12 , 12 , 204 , 0 , 0 , 0 , 0 
db 0 , 0 , 0 , 68 , 76 , 12 , 12 , 140 , 136 , 0 , 0 , 0 
db 0 , 0 , 0 , 140 , 76 , 76 , 140 , 140 , 76 , 0 , 0 , 0 
db 0 , 0 , 68 , 140 , 76 , 204 , 204 , 140 , 76 , 136 , 0 , 0 
db 0 , 0 , 140 , 140 , 76 , 140 , 76 , 140 , 76 , 76 , 0 , 0 
db 0 , 68 , 12 , 140 , 204 , 12 , 12 , 204 , 76 , 12 , 136 , 0 
db 0 , 204 , 12 , 204 , 76 , 12 , 12 , 140 , 204 , 12 , 204 , 0 
db 68 , 76 , 12 , 140 , 76 , 12 , 12 , 140 , 76 , 12 , 140 , 136 
db 140 , 76 , 76 , 140 , 76 , 76 , 140 , 140 , 76 , 140 , 140 , 76 
db 140 , 76 , 140 , 140 , 76 , 204 , 204 , 140 , 76 , 76 , 140 , 76 
db 140 , 76 , 12 , 140 , 76 , 12 , 12 , 140 , 76 , 12 , 140 , 76 
db 140 , 204 , 12 , 140 , 204 , 12 , 12 , 204 , 76 , 12 , 204 , 76 
db 204 , 76 , 12 , 204 , 76 , 12 , 12 , 140 , 204 , 12 , 140 , 204 
db 140 , 76 , 12 , 140 , 76 , 12 , 12 , 140 , 76 , 12 , 140 , 76 
db 140 , 76 , 76 , 140 , 76 , 12 , 12 , 140 , 76 , 140 , 140 , 76 
db 140 , 76 , 140 , 140 , 76 , 76 , 140 , 140 , 76 , 76 , 140 , 76 
db 140 , 76 , 12 , 140 , 76 , 76 , 140 , 140 , 76 , 12 , 140 , 76 
db 140 , 204 , 12 , 140 , 76 , 136 , 68 , 140 , 76 , 12 , 204 , 76 
db 204 , 76 , 12 , 140 , 76 , 64 , 128 , 140 , 76 , 12 , 140 , 204 
db 140 , 76 , 12 , 140 , 136 , 192 , 192 , 68 , 76 , 12 , 140 , 76 
db 140 , 76 , 12 , 76 , 64 , 192 , 192 , 128 , 140 , 12 , 140 , 76 
db 140 , 76 , 12 , 136 , 192 , 192 , 192 , 192 , 68 , 12 , 140 , 76 
db 140 , 76 , 76 , 64 , 192 , 192 , 192 , 192 , 128 , 140 , 140 , 76 
db 140 , 76 , 136 , 192 , 192 , 192 , 192 , 192 , 192 , 68 , 140 , 76 
db 140 , 76 , 64 , 192 , 192 , 192 , 192 , 192 , 192 , 128 , 140 , 76 
db 140 , 136 , 192 , 192 , 192 , 192 , 192 , 192 , 192 , 192 , 68 , 76 
db 204 , 200 , 12 , 12 , 192 , 192 , 192 , 192 , 12 , 12 , 196 , 204 
db 136 , 200 , 204 , 204 , 192 , 192 , 192 , 192 , 204 , 204 , 196 , 68 
db 0 , 200 , 204 , 204 , 192 , 192 , 192 , 192 , 204 , 204 , 196 , 0 
db 0 , 200 , 204 , 204 , 192 , 192 , 192 , 192 , 204 , 204 , 196 , 0 
db 0 , 200 , 204 , 204 , 192 , 192 , 192 , 192 , 204 , 204 , 196 , 0 
db 0 , 200 , 204 , 204 , 192 , 192 , 192 , 192 , 204 , 204 , 196 , 0 
db 0 , 200 , 192 , 192 , 192 , 192 , 192 , 192 , 192 , 192 , 196 , 0 
db 0 , 200 , 192 , 192 , 192 , 192 , 192 , 192 , 192 , 192 , 196 , 0 
db 0 , 200 , 192 , 192 , 204 , 204 , 204 , 1 , 0 , 98 , 1 , 0 
db 120 , 1 , 0 , 122 , 1 , 0 , 50 , 1 , 0 , 120 , 1 , 0 
db 122 , 1 , 0 , 50 , 1 , 0 , 120 , 1 , 0 , 122 , 1 , 0 
db 50 , 1 , 0 , 122 , 1 , 0 , 122 , 1 , 0 , 122 , 1 , 0 
db 122 , 1 , 0 , 122 , 1 , 0 , 122 , 1 , 0 , 122 , 1 , 0 
db 122 , 1 , 0 , 122 , 1 , 0 , 122 , 1 , 0 , 120 , 1 , 0 
db 120 , 1 , 0 , 120 , 1 , 0 , 120 , 1 , 0 , 50 , 1 , 0 
db 120 , 1 , 0 , 122 , 1 , 0 , 50 , 1 , 0 , 120 , 1 , 0 
db 122 , 1 , 0 , 50 , 1 , 0 , 120 , 1 , 0 , 122 , 1 , 0 
;------ END IMAGE --------
' ------ BEGIN PALETA --------
INK  0 , 12 
INK  1 , 15 
INK  2 , 3 
INK  3 , 0 
INK  4 , 26 
INK  5 , 26 
INK  6 , 26 
INK  7 , 26 
INK  8 , 20 
INK  9 , 20 
INK  10 , 20 
INK  11 , 20 
INK  12 , 14 
INK  13 , 14 
INK  14 , 14 
INK  15 , 14 
' ------ END PALETA --------
;------ BEGIN IMAGE --------
db 8 ; ancho
db 24 ; alto
db 0 , 0 , 0 , 0 , 0 , 0 , 0 , 0 
db 0 , 0 , 0 , 0 , 0 , 0 , 0 , 0 
db 0 , 0 , 0 , 16 , 32 , 0 , 0 , 0 
db 0 , 0 , 0 , 16 , 32 , 0 , 0 , 0 
db 0 , 0 , 0 , 48 , 48 , 0 , 0 , 0 
db 0 , 0 , 0 , 33 , 18 , 0 , 0 , 0 
db 0 , 0 , 0 , 33 , 18 , 0 , 0 , 0 
db 0 , 0 , 16 , 33 , 18 , 32 , 0 , 0 
db 0 , 0 , 48 , 33 , 18 , 48 , 0 , 0 
db 0 , 16 , 48 , 48 , 48 , 48 , 32 , 0 
db 0 , 48 , 48 , 48 , 48 , 48 , 48 , 0 
db 0 , 48 , 48 , 48 , 48 , 48 , 48 , 0 
db 0 , 48 , 48 , 48 , 48 , 48 , 48 , 0 
db 0 , 0 , 0 , 48 , 48 , 0 , 0 , 0 
db 0 , 0 , 0 , 16 , 32 , 0 , 0 , 0 
db 0 , 0 , 0 , 16 , 32 , 0 , 0 , 0 
db 0 , 0 , 0 , 16 , 32 , 0 , 0 , 0 
db 0 , 0 , 0 , 16 , 32 , 0 , 0 , 0 
db 0 , 0 , 0 , 16 , 32 , 0 , 0 , 0 
db 0 , 0 , 0 , 16 , 32 , 0 , 0 , 0 
db 0 , 0 , 0 , 48 , 48 , 0 , 0 , 0 
db 0 , 0 , 16 , 48 , 48 , 32 , 0 , 0 
db 0 , 0 , 0 , 0 , 0 , 0 , 0 , 0 
db 0 , 0 , 0 , 0 , 0 , 0 , 0 , 0 
;------ END IMAGE --------
;------ BEGIN IMAGE --------
db 12 ; ancho
db 48 ; alto
db 0 , 0 , 0 , 0 , 0 , 0 , 0 , 0 , 0 , 0 , 0 , 0 
db 0 , 0 , 0 , 0 , 0 , 0 , 0 , 0 , 0 , 0 , 0 , 0 
db 0 , 0 , 0 , 0 , 0 , 68 , 136 , 0 , 0 , 0 , 0 , 0 
db 0 , 0 , 0 , 0 , 0 , 140 , 76 , 0 , 0 , 0 , 0 , 0 
db 0 , 0 , 0 , 0 , 68 , 12 , 12 , 136 , 0 , 0 , 0 , 0 
db 0 , 0 , 0 , 0 , 204 , 12 , 12 , 204 , 0 , 0 , 0 , 0 
db 0 , 0 , 0 , 68 , 76 , 12 , 12 , 140 , 136 , 0 , 0 , 0 
db 0 , 0 , 0 , 140 , 76 , 76 , 140 , 140 , 76 , 0 , 0 , 0 
db 0 , 0 , 68 , 140 , 76 , 204 , 204 , 140 , 76 , 136 , 0 , 0 
db 0 , 0 , 140 , 140 , 76 , 140 , 76 , 140 , 76 , 76 , 0 , 0 
db 0 , 68 , 12 , 140 , 204 , 12 , 12 , 204 , 76 , 12 , 136 , 0 
db 0 , 204 , 12 , 204 , 76 , 12 , 12 , 140 , 204 , 12 , 204 , 0 
db 68 , 76 , 12 , 140 , 76 , 12 , 12 , 140 , 76 , 12 , 140 , 136 
db 140 , 76 , 76 , 140 , 76 , 76 , 140 , 140 , 76 , 140 , 140 , 76 
db 140 , 76 , 140 , 140 , 76 , 204 , 204 , 140 , 76 , 76 , 140 , 76 
db 140 , 76 , 12 , 140 , 76 , 12 , 12 , 140 , 76 , 12 , 140 , 76 
db 140 , 204 , 12 , 140 , 204 , 12 , 12 , 204 , 76 , 12 , 204 , 76 
db 204 , 76 , 12 , 204 , 76 , 12 , 12 , 140 , 204 , 12 , 140 , 204 
db 140 , 76 , 12 , 140 , 76 , 12 , 12 , 140 , 76 , 12 , 140 , 76 
db 140 , 76 , 76 , 140 , 76 , 12 , 12 , 140 , 76 , 140 , 140 , 76 
db 140 , 76 , 140 , 140 , 76 , 76 , 140 , 140 , 76 , 76 , 140 , 76 
db 140 , 76 , 12 , 140 , 76 , 76 , 140 , 140 , 76 , 12 , 140 , 76 
db 140 , 204 , 12 , 140 , 76 , 136 , 68 , 140 , 76 , 12 , 204 , 76 
db 204 , 76 , 12 , 140 , 76 , 64 , 128 , 140 , 76 , 12 , 140 , 204 
db 140 , 76 , 12 , 140 , 136 , 192 , 192 , 68 , 76 , 12 , 140 , 76 
db 140 , 76 , 12 , 76 , 64 , 192 , 192 , 128 , 140 , 12 , 140 , 76 
db 140 , 76 , 12 , 136 , 192 , 192 , 192 , 192 , 68 , 12 , 140 , 76 
db 140 , 76 , 76 , 64 , 192 , 192 , 192 , 192 , 128 , 140 , 140 , 76 
db 140 , 76 , 136 , 192 , 192 , 192 , 192 , 192 , 192 , 68 , 140 , 76 
db 140 , 76 , 64 , 192 , 192 , 192 , 192 , 192 , 192 , 128 , 140 , 76 
db 140 , 136 , 192 , 192 , 192 , 192 , 192 , 192 , 192 , 192 , 68 , 76 
db 204 , 200 , 12 , 12 , 192 , 192 , 192 , 192 , 12 , 12 , 196 , 204 
db 136 , 200 , 204 , 204 , 192 , 192 , 192 , 192 , 204 , 204 , 196 , 68 
db 0 , 200 , 204 , 204 , 192 , 192 , 192 , 192 , 204 , 204 , 196 , 0 
db 0 , 200 , 204 , 204 , 192 , 192 , 192 , 192 , 204 , 204 , 196 , 0 
db 0 , 200 , 204 , 204 , 192 , 192 , 192 , 192 , 204 , 204 , 196 , 0 
db 0 , 200 , 204 , 204 , 192 , 192 , 192 , 192 , 204 , 204 , 196 , 0 
db 0 , 200 , 192 , 192 , 192 , 192 , 192 , 192 , 192 , 192 , 196 , 0 
db 0 , 200 , 192 , 192 , 192 , 192 , 192 , 192 , 192 , 192 , 196 , 0 
db 0 , 200 , 192 , 192 , 192 , 192 , 192 , 192 , 192 , 192 , 196 , 0 
db 0 , 200 , 192 , 192 , 196 , 204 , 204 , 200 , 192 , 192 , 196 , 0 
db 0 , 200 , 192 , 192 , 196 , 204 , 204 , 200 , 192 , 192 , 196 , 0 
db 0 , 200 , 192 , 192 , 196 , 204 , 204 , 200 , 192 , 192 , 196 , 0 
db 0 , 200 , 192 , 192 , 196 , 204 , 204 , 200 , 192 , 192 , 196 , 0 
db 0 , 200 , 192 , 192 , 196 , 204 , 204 , 200 , 192 , 192 , 196 , 0 
db 0 , 200 , 192 , 192 , 196 , 204 , 204 , 200 , 192 , 192 , 196 , 0 
db 0 , 200 , 192 , 192 , 196 , 204 , 204 , 200 , 192 , 192 , 196 , 0 
db 0 , 204 , 204 , 204 , 204 , 204 , 204 , 204 , 204 , 204 , 204 , 0 
;------ END IMAGE --------
;------ BEGIN IMAGE --------
db 12 ; ancho
db 48 ; alto
db 0 , 0 , 0 , 0 , 0 , 0 , 0 , 0 , 0 , 0 , 0 , 0 
db 0 , 0 , 0 , 0 , 0 , 0 , 0 , 0 , 0 , 0 , 0 , 0 
db 0 , 0 , 0 , 0 , 0 , 68 , 136 , 0 , 0 , 0 , 0 , 0 
db 0 , 0 , 0 , 0 , 0 , 140 , 76 , 0 , 0 , 0 , 0 , 0 
db 0 , 0 , 0 , 0 , 68 , 12 , 12 , 136 , 0 , 0 , 0 , 0 
db 0 , 0 , 0 , 0 , 204 , 12 , 12 , 204 , 0 , 0 , 0 , 0 
db 0 , 0 , 0 , 68 , 76 , 12 , 12 , 140 , 136 , 0 , 0 , 0 
db 0 , 0 , 0 , 140 , 76 , 76 , 140 , 140 , 76 , 0 , 0 , 0 
db 0 , 0 , 68 , 140 , 76 , 204 , 204 , 140 , 76 , 136 , 0 , 0 
db 0 , 0 , 140 , 140 , 76 , 140 , 76 , 140 , 76 , 76 , 0 , 0 
db 0 , 68 , 12 , 140 , 204 , 12 , 12 , 204 , 76 , 12 , 136 , 0 
db 0 , 204 , 12 , 204 , 76 , 12 , 12 , 140 , 204 , 12 , 204 , 0 
db 68 , 76 , 12 , 140 , 76 , 12 , 12 , 140 , 76 , 12 , 140 , 136 
db 140 , 76 , 76 , 140 , 76 , 76 , 140 , 140 , 76 , 140 , 140 , 76 
db 140 , 76 , 140 , 140 , 76 , 204 , 204 , 140 , 76 , 76 , 140 , 76 
db 140 , 76 , 12 , 140 , 76 , 12 , 12 , 140 , 76 , 12 , 140 , 76 
db 140 , 204 , 12 , 140 , 204 , 12 , 12 , 204 , 76 , 12 , 204 , 76 
db 204 , 76 , 12 , 204 , 76 , 12 , 12 , 140 , 204 , 12 , 140 , 204 
db 140 , 76 , 12 , 140 , 76 , 12 , 12 , 140 , 76 , 12 , 140 , 76 
db 140 , 76 , 76 , 140 , 76 , 12 , 12 , 140 , 76 , 140 , 140 , 76 
db 140 , 76 , 140 , 140 , 76 , 76 , 140 , 140 , 76 , 76 , 140 , 76 
db 140 , 76 , 12 , 140 , 76 , 76 , 140 , 140 , 76 , 12 , 140 , 76 
db 140 , 204 , 12 , 140 , 76 , 136 , 68 , 140 , 76 , 12 , 204 , 76 
db 204 , 76 , 12 , 140 , 76 , 64 , 128 , 140 , 76 , 12 , 140 , 204 
db 140 , 76 , 12 , 140 , 136 , 192 , 192 , 68 , 76 , 12 , 140 , 76 
db 140 , 76 , 12 , 76 , 64 , 192 , 192 , 128 , 140 , 12 , 140 , 76 
db 140 , 76 , 12 , 136 , 192 , 192 , 192 , 192 , 68 , 12 , 140 , 76 
db 140 , 76 , 76 , 64 , 192 , 192 , 192 , 192 , 128 , 140 , 140 , 76 
db 140 , 76 , 136 , 192 , 192 , 192 , 192 , 192 , 192 , 68 , 140 , 76 
db 140 , 76 , 64 , 192 , 192 , 192 , 192 , 192 , 192 , 128 , 140 , 76 
db 140 , 136 , 192 , 192 , 192 , 192 , 192 , 192 , 192 , 192 , 68 , 76 
db 204 , 200 , 12 , 12 , 192 , 192 , 192 , 192 , 12 , 12 , 196 , 204 
db 136 , 200 , 204 , 204 , 192 , 192 , 192 , 192 , 204 , 204 , 196 , 68 
db 0 , 200 , 204 , 204 , 192 , 192 , 192 , 192 , 204 , 204 , 196 , 0 
db 0 , 200 , 204 , 204 , 192 , 192 , 192 , 192 , 204 , 204 , 196 , 0 
db 0 , 200 , 204 , 204 , 192 , 192 , 192 , 192 , 204 , 204 , 196 , 0 
db 0 , 200 , 204 , 204 , 192 , 192 , 192 , 192 , 204 , 204 , 196 , 0 
db 0 , 200 , 192 , 192 , 192 , 192 , 192 , 192 , 192 , 192 , 196 , 0 
db 0 , 200 , 192 , 192 , 192 , 192 , 192 , 192 , 192 , 192 , 196 , 0 
db 0 , 200 , 192 , 192 , 204 , 204 , 204 , 204 , 192 , 192 , 196 , 0 
db 0 , 200 , 192 , 192 , 204 , 204 , 204 , 204 , 192 , 192 , 196 , 0 
db 0 , 200 , 192 , 192 , 204 , 204 , 204 , 204 , 192 , 192 , 196 , 0 
db 0 , 200 , 192 , 192 , 204 , 204 , 204 , 204 , 192 , 192 , 196 , 0 
db 0 , 200 , 192 , 192 , 204 , 204 , 204 , 204 , 192 , 192 , 196 , 0 
db 0 , 200 , 192 , 192 , 204 , 204 , 204 , 204 , 192 , 192 , 196 , 0 
db 0 , 200 , 192 , 192 , 204 , 204 , 204 , 204 , 192 , 192 , 196 , 0 
db 0 , 200 , 192 , 192 , 204 , 204 , 204 , 204 , 192 , 192 , 196 , 0 
db 0 , 204 , 204 , 204 , 204 , 204 , 204 , 204 , 204 , 204 , 204 , 0 
;------ END IMAGE --------
