;------ BEGIN SPRITE --------
db 10 ; ancho
db 12 ; alto
db 0 , 0 , 0 , 0 , 0 , 0 , 0 , 0 , 0 , 15 
db 0 , 0 , 0 , 0 , 0 , 0 , 0 , 0 , 5 , 15 
db 0 , 0 , 0 , 0 , 0 , 0 , 0 , 0 , 5 , 15 
db 0 , 0 , 0 , 0 , 0 , 0 , 0 , 0 , 5 , 15 
db 0 , 0 , 0 , 0 , 0 , 0 , 0 , 0 , 15 , 15 
db 0 , 0 , 0 , 0 , 5 , 0 , 0 , 5 , 15 , 15 
db 0 , 0 , 0 , 0 , 15 , 10 , 5 , 15 , 15 , 15 
db 0 , 0 , 5 , 15 , 15 , 15 , 15 , 15 , 15 , 15 
db 0 , 5 , 15 , 15 , 15 , 15 , 15 , 15 , 15 , 15 
db 0 , 5 , 15 , 15 , 15 , 15 , 15 , 15 , 15 , 15 
db 0 , 15 , 15 , 15 , 15 , 15 , 15 , 15 , 15 , 15 
db 0 , 15 , 15 , 15 , 15 , 15 , 15 , 15 , 15 , 15 
;------ END SPRITE --------
;------ BEGIN SPRITE --------
db 7 ; ancho
db 12 ; alto
db 0 , 0 , 0 , 0 , 0 , 0 , 0 
db 0 , 0 , 0 , 0 , 0 , 0 , 0 
db 0 , 206 , 0 , 0 , 0 , 0 , 0 
db 0 , 204 , 136 , 0 , 0 , 0 , 0 
db 0 , 206 , 204 , 140 , 12 , 0 , 0 
db 0 , 69 , 136 , 216 , 12 , 8 , 0 
db 0 , 0 , 68 , 206 , 240 , 12 , 0 
db 0 , 68 , 204 , 205 , 204 , 204 , 0 
db 0 , 69 , 204 , 218 , 205 , 0 , 0 
db 0 , 207 , 207 , 80 , 0 , 0 , 0 
db 0 , 0 , 0 , 0 , 0 , 0 , 0 
db 0 , 0 , 0 , 0 , 0 , 0 , 0 
;------ END SPRITE --------
;------ BEGIN SPRITE --------
db 7 ; ancho
db 12 ; alto
db 0 , 0 , 0 , 0 , 0 , 0 , 0 
db 0 , 0 , 0 , 0 , 0 , 0 , 0 
db 0 , 154 , 48 , 0 , 0 , 0 , 0 
db 0 , 112 , 240 , 48 , 0 , 0 , 0 
db 0 , 207 , 207 , 112 , 12 , 0 , 0 
db 0 , 84 , 240 , 48 , 164 , 8 , 0 
db 0 , 0 , 48 , 176 , 112 , 12 , 0 
db 0 , 69 , 48 , 112 , 48 , 101 , 0 
db 0 , 16 , 48 , 207 , 207 , 0 , 0 
db 0 , 207 , 207 , 80 , 0 , 0 , 0 
db 0 , 0 , 0 , 0 , 0 , 0 , 0 
db 0 , 0 , 0 , 0 , 0 , 0 , 0 
;------ END SPRITE --------
;------ BEGIN SPRITE --------
db 10 ; ancho
db 12 ; alto
db 5 , 0 , 0 , 0 , 0 , 0 , 0 , 0 , 0 , 0 
db 15 , 10 , 0 , 0 , 0 , 0 , 0 , 0 , 0 , 0 
db 15 , 10 , 0 , 0 , 0 , 0 , 0 , 0 , 0 , 0 
db 15 , 10 , 0 , 0 , 0 , 0 , 0 , 0 , 0 , 0 
db 15 , 15 , 0 , 0 , 0 , 0 , 0 , 0 , 0 , 0 
db 15 , 15 , 10 , 0 , 0 , 10 , 0 , 0 , 0 , 0 
db 15 , 15 , 15 , 10 , 5 , 15 , 0 , 0 , 0 , 0 
db 15 , 15 , 15 , 15 , 15 , 15 , 15 , 10 , 0 , 0 
db 15 , 15 , 15 , 15 , 15 , 15 , 15 , 15 , 10 , 0 
db 15 , 15 , 15 , 15 , 15 , 15 , 15 , 15 , 10 , 0 
db 15 , 15 , 15 , 15 , 15 , 15 , 15 , 15 , 15 , 0 
db 15 , 15 , 15 , 15 , 15 , 15 , 15 , 15 , 15 , 0 
;------ END SPRITE --------
;------ BEGIN SPRITE --------
db 10 ; ancho
db 6 ; alto
db 15 , 0 , 0 , 0 , 0 , 0 , 0 , 0 , 0 , 15 
db 15 , 10 , 0 , 15 , 10 , 0 , 0 , 0 , 0 , 15 
db 15 , 15 , 15 , 15 , 15 , 10 , 0 , 10 , 5 , 15 
db 15 , 15 , 15 , 15 , 15 , 15 , 5 , 15 , 5 , 15 
db 15 , 15 , 15 , 15 , 15 , 15 , 15 , 15 , 15 , 15 
db 15 , 15 , 15 , 15 , 15 , 15 , 15 , 15 , 15 , 15 
;------ END SPRITE --------
