;------ BEGIN SPRITE --------
db 5 ; ancho
db 20 ; alto
db 0 , 0 , 0 , 0 , 0 
db 0 , 0 , 0 , 0 , 0 
db 0 , 0 , 69 , 32 , 0 
db 0 , 0 , 204 , 48 , 0 
db 0 , 0 , 202 , 48 , 0 
db 0 , 0 , 200 , 144 , 0 
db 0 , 68 , 192 , 144 , 0 
db 0 , 0 , 192 , 192 , 0 
db 0 , 68 , 192 , 197 , 0 
db 0 , 64 , 197 , 197 , 0 
db 0 , 200 , 224 , 228 , 0 
db 0 , 202 , 200 , 136 , 0 
db 0 , 208 , 208 , 138 , 0 
db 0 , 208 , 208 , 136 , 0 
db 0 , 200 , 207 , 0 , 0 
db 0 , 64 , 229 , 0 , 0 
db 0 , 0 , 136 , 0 , 0 
db 0 , 136 , 0 , 0 , 0 
db 0 , 0 , 0 , 0 , 0 
db 0 , 0 , 0 , 0 , 0 
;------ END SPRITE --------
;------ BEGIN SPRITE --------
db 5 ; ancho
db 20 ; alto
db 0 , 0 , 0 , 0 , 0 
db 0 , 0 , 0 , 0 , 0 
db 0 , 16 , 138 , 0 , 0 
db 0 , 48 , 204 , 0 , 0 
db 0 , 48 , 197 , 0 , 0 
db 0 , 96 , 196 , 0 , 0 
db 0 , 96 , 192 , 136 , 0 
db 0 , 192 , 192 , 0 , 0 
db 0 , 202 , 192 , 136 , 0 
db 0 , 202 , 202 , 128 , 0 
db 0 , 216 , 208 , 196 , 0 
db 0 , 68 , 196 , 197 , 0 
db 0 , 69 , 224 , 224 , 0 
db 0 , 68 , 224 , 224 , 0 
db 0 , 0 , 207 , 196 , 0 
db 0 , 0 , 218 , 128 , 0 
db 0 , 0 , 68 , 0 , 0 
db 0 , 0 , 0 , 68 , 0 
db 0 , 0 , 0 , 0 , 0 
db 0 , 0 , 0 , 0 , 0 
;------ END SPRITE --------
;------ BEGIN SPRITE --------
db 5 ; ancho
db 20 ; alto
db 0 , 0 , 0 , 0 , 0 
db 0 , 0 , 0 , 0 , 0 
db 0 , 0 , 0 , 0 , 0 
db 0 , 0 , 0 , 68 , 0 
db 0 , 0 , 68 , 0 , 0 
db 0 , 0 , 218 , 128 , 0 
db 0 , 0 , 207 , 196 , 0 
db 0 , 68 , 224 , 224 , 0 
db 0 , 69 , 224 , 224 , 0 
db 0 , 68 , 196 , 197 , 0 
db 0 , 216 , 208 , 196 , 0 
db 0 , 202 , 202 , 128 , 0 
db 0 , 202 , 192 , 136 , 0 
db 0 , 192 , 192 , 0 , 0 
db 0 , 96 , 192 , 136 , 0 
db 0 , 96 , 196 , 0 , 0 
db 0 , 48 , 197 , 0 , 0 
db 0 , 48 , 204 , 0 , 0 
db 0 , 16 , 138 , 0 , 0 
db 0 , 0 , 0 , 0 , 0 
;------ END SPRITE --------
;------ BEGIN SPRITE --------
db 5 ; ancho
db 20 ; alto
db 0 , 0 , 0 , 0 , 0 
db 0 , 0 , 0 , 0 , 0 
db 0 , 0 , 0 , 0 , 0 
db 0 , 136 , 0 , 0 , 0 
db 0 , 0 , 136 , 0 , 0 
db 0 , 64 , 229 , 0 , 0 
db 0 , 200 , 207 , 0 , 0 
db 0 , 208 , 208 , 136 , 0 
db 0 , 208 , 208 , 138 , 0 
db 0 , 202 , 200 , 136 , 0 
db 0 , 200 , 224 , 228 , 0 
db 0 , 64 , 197 , 197 , 0 
db 0 , 68 , 192 , 197 , 0 
db 0 , 0 , 192 , 192 , 0 
db 0 , 68 , 192 , 144 , 0 
db 0 , 0 , 200 , 144 , 0 
db 0 , 0 , 202 , 48 , 0 
db 0 , 0 , 204 , 48 , 0 
db 0 , 0 , 69 , 32 , 0 
db 0 , 0 , 0 , 0 , 0 
;------ END SPRITE --------
;------ BEGIN SPRITE --------
db 5 ; ancho
db 20 ; alto
db 0 , 0 , 0 , 0 , 0 
db 0 , 0 , 0 , 0 , 0 
db 0 , 68 , 0 , 68 , 0 
db 0 , 204 , 68 , 68 , 0 
db 0 , 205 , 64 , 68 , 0 
db 0 , 205 , 64 , 206 , 0 
db 0 , 205 , 64 , 196 , 0 
db 0 , 200 , 64 , 196 , 0 
db 0 , 200 , 202 , 196 , 0 
db 0 , 200 , 202 , 197 , 0 
db 0 , 202 , 192 , 197 , 0 
db 0 , 202 , 192 , 197 , 0 
db 0 , 202 , 192 , 101 , 0 
db 0 , 202 , 192 , 101 , 0 
db 0 , 64 , 192 , 101 , 0 
db 0 , 64 , 144 , 128 , 0 
db 0 , 64 , 48 , 128 , 0 
db 0 , 16 , 96 , 32 , 0 
db 0 , 0 , 48 , 0 , 0 
db 0 , 0 , 0 , 0 , 0 
;------ END SPRITE --------
;------ BEGIN SPRITE --------
db 5 ; ancho
db 20 ; alto
db 0 , 0 , 0 , 0 , 0 
db 0 , 0 , 0 , 0 , 0 
db 0 , 0 , 48 , 0 , 0 
db 0 , 16 , 96 , 32 , 0 
db 0 , 64 , 48 , 128 , 0 
db 0 , 64 , 144 , 128 , 0 
db 0 , 64 , 192 , 101 , 0 
db 0 , 202 , 192 , 101 , 0 
db 0 , 202 , 192 , 101 , 0 
db 0 , 202 , 192 , 197 , 0 
db 0 , 202 , 192 , 197 , 0 
db 0 , 200 , 202 , 197 , 0 
db 0 , 200 , 202 , 196 , 0 
db 0 , 200 , 64 , 196 , 0 
db 0 , 205 , 64 , 196 , 0 
db 0 , 205 , 64 , 206 , 0 
db 0 , 205 , 64 , 68 , 0 
db 0 , 204 , 68 , 68 , 0 
db 0 , 68 , 0 , 68 , 0 
db 0 , 0 , 0 , 0 , 0 
;------ END SPRITE --------
;------ BEGIN SPRITE --------
db 5 ; ancho
db 20 ; alto
db 0 , 0 , 0 , 0 , 0 
db 0 , 0 , 0 , 0 , 0 
db 0 , 0 , 0 , 0 , 0 
db 0 , 0 , 0 , 0 , 0 
db 0 , 0 , 0 , 0 , 0 
db 0 , 0 , 0 , 0 , 0 
db 0 , 204 , 229 , 206 , 136 
db 0 , 202 , 192 , 197 , 206 
db 0 , 240 , 202 , 154 , 101 
db 0 , 196 , 224 , 144 , 48 
db 0 , 144 , 48 , 48 , 48 
db 0 , 204 , 208 , 144 , 48 
db 0 , 240 , 204 , 144 , 101 
db 0 , 196 , 200 , 202 , 204 
db 0 , 200 , 197 , 204 , 136 
db 0 , 0 , 0 , 0 , 0 
db 0 , 0 , 0 , 0 , 0 
db 0 , 0 , 0 , 0 , 0 
db 0 , 0 , 0 , 0 , 0 
db 0 , 0 , 0 , 0 , 0 
;------ END SPRITE --------
;------ BEGIN SPRITE --------
db 5 ; ancho
db 20 ; alto
db 0 , 0 , 0 , 0 , 0 
db 0 , 0 , 0 , 0 , 0 
db 0 , 0 , 0 , 0 , 0 
db 0 , 0 , 0 , 0 , 0 
db 0 , 0 , 0 , 0 , 0 
db 0 , 0 , 0 , 0 , 0 
db 68 , 205 , 218 , 204 , 0 
db 205 , 202 , 192 , 197 , 0 
db 154 , 101 , 197 , 240 , 0 
db 48 , 96 , 208 , 200 , 0 
db 48 , 48 , 48 , 96 , 0 
db 48 , 96 , 224 , 204 , 0 
db 154 , 96 , 204 , 240 , 0 
db 204 , 197 , 196 , 200 , 0 
db 68 , 204 , 202 , 196 , 0 
db 0 , 0 , 0 , 0 , 0 
db 0 , 0 , 0 , 0 , 0 
db 0 , 0 , 0 , 0 , 0 
db 0 , 0 , 0 , 0 , 0 
db 0 , 0 , 0 , 0 , 0 
;------ END SPRITE --------
;------ BEGIN SPRITE --------
db 6 ; ancho
db 20 ; alto
db 0 , 0 , 0 , 0 , 0 , 0 
db 0 , 0 , 0 , 0 , 0 , 0 
db 0 , 0 , 16 , 32 , 0 , 0 
db 0 , 0 , 48 , 48 , 0 , 0 
db 0 , 16 , 240 , 240 , 32 , 0 
db 0 , 112 , 164 , 160 , 176 , 0 
db 0 , 112 , 88 , 240 , 176 , 0 
db 0 , 112 , 88 , 240 , 176 , 0 
db 0 , 112 , 240 , 240 , 176 , 0 
db 0 , 216 , 48 , 48 , 228 , 0 
db 0 , 207 , 48 , 48 , 207 , 0 
db 0 , 16 , 154 , 101 , 32 , 0 
db 0 , 69 , 101 , 154 , 138 , 0 
db 0 , 154 , 48 , 48 , 101 , 0 
db 0 , 48 , 101 , 154 , 48 , 0 
db 0 , 48 , 136 , 68 , 48 , 0 
db 0 , 101 , 0 , 0 , 154 , 0 
db 0 , 32 , 0 , 0 , 16 , 0 
db 0 , 0 , 0 , 0 , 0 , 0 
db 0 , 0 , 0 , 0 , 0 , 0 
;------ END SPRITE --------
;------ BEGIN SPRITE --------
db 6 ; ancho
db 20 ; alto
db 0 , 0 , 0 , 0 , 0 , 0 
db 0 , 0 , 0 , 0 , 0 , 0 
db 0 , 0 , 0 , 0 , 0 , 0 
db 0 , 32 , 0 , 0 , 16 , 0 
db 0 , 101 , 0 , 0 , 154 , 0 
db 0 , 48 , 136 , 68 , 48 , 0 
db 0 , 48 , 101 , 154 , 48 , 0 
db 0 , 154 , 48 , 48 , 101 , 0 
db 0 , 69 , 101 , 154 , 138 , 0 
db 0 , 16 , 154 , 101 , 32 , 0 
db 0 , 207 , 48 , 48 , 207 , 0 
db 0 , 216 , 48 , 48 , 228 , 0 
db 0 , 112 , 240 , 240 , 176 , 0 
db 0 , 112 , 88 , 240 , 176 , 0 
db 0 , 112 , 88 , 240 , 176 , 0 
db 0 , 112 , 164 , 160 , 176 , 0 
db 0 , 16 , 240 , 240 , 32 , 0 
db 0 , 0 , 48 , 48 , 0 , 0 
db 0 , 0 , 16 , 32 , 0 , 0 
db 0 , 0 , 0 , 0 , 0 , 0 
;------ END SPRITE --------
;------ BEGIN SPRITE --------
db 6 ; ancho
db 20 ; alto
db 0 , 0 , 0 , 0 , 0 , 0 
db 0 , 0 , 0 , 0 , 0 , 0 
db 0 , 0 , 0 , 48 , 32 , 0 
db 0 , 0 , 16 , 240 , 32 , 0 
db 0 , 0 , 112 , 12 , 176 , 0 
db 0 , 0 , 112 , 88 , 176 , 0 
db 0 , 16 , 154 , 240 , 176 , 0 
db 0 , 16 , 101 , 240 , 176 , 0 
db 0 , 48 , 101 , 240 , 176 , 0 
db 0 , 48 , 48 , 218 , 176 , 0 
db 0 , 48 , 48 , 218 , 229 , 0 
db 0 , 69 , 48 , 101 , 32 , 0 
db 0 , 0 , 154 , 101 , 32 , 0 
db 0 , 0 , 16 , 48 , 138 , 0 
db 0 , 0 , 16 , 48 , 0 , 0 
db 0 , 0 , 16 , 48 , 0 , 0 
db 0 , 0 , 16 , 101 , 0 , 0 
db 0 , 0 , 0 , 32 , 0 , 0 
db 0 , 0 , 0 , 0 , 0 , 0 
db 0 , 0 , 0 , 0 , 0 , 0 
;------ END SPRITE --------
;------ BEGIN SPRITE --------
db 6 ; ancho
db 18 ; alto
db 0 , 0 , 0 , 0 , 0 , 0 
db 0 , 0 , 0 , 0 , 0 , 0 
db 0 , 0 , 48 , 48 , 0 , 0 
db 0 , 16 , 218 , 69 , 32 , 0 
db 0 , 101 , 12 , 240 , 154 , 0 
db 0 , 112 , 88 , 240 , 176 , 0 
db 0 , 112 , 90 , 240 , 176 , 0 
db 0 , 112 , 160 , 240 , 176 , 0 
db 0 , 112 , 240 , 240 , 176 , 0 
db 0 , 101 , 240 , 240 , 154 , 0 
db 0 , 48 , 218 , 229 , 48 , 0 
db 0 , 48 , 48 , 48 , 48 , 0 
db 0 , 48 , 154 , 101 , 48 , 0 
db 0 , 154 , 112 , 176 , 101 , 0 
db 0 , 69 , 112 , 176 , 138 , 0 
db 0 , 0 , 218 , 229 , 0 , 0 
db 0 , 0 , 0 , 0 , 0 , 0 
db 0 , 0 , 0 , 0 , 0 , 0 
;------ END SPRITE --------
;------ BEGIN SPRITE --------
db 6 ; ancho
db 18 ; alto
db 0 , 0 , 0 , 0 , 0 , 0 
db 0 , 0 , 0 , 0 , 0 , 0 
db 0 , 0 , 0 , 0 , 0 , 0 
db 0 , 0 , 218 , 229 , 0 , 0 
db 0 , 69 , 112 , 176 , 138 , 0 
db 0 , 154 , 112 , 176 , 101 , 0 
db 0 , 48 , 154 , 101 , 48 , 0 
db 0 , 48 , 48 , 48 , 48 , 0 
db 0 , 48 , 218 , 229 , 48 , 0 
db 0 , 101 , 240 , 240 , 154 , 0 
db 0 , 112 , 240 , 240 , 176 , 0 
db 0 , 112 , 160 , 240 , 176 , 0 
db 0 , 112 , 90 , 240 , 176 , 0 
db 0 , 112 , 88 , 240 , 176 , 0 
db 0 , 101 , 12 , 240 , 154 , 0 
db 0 , 16 , 218 , 69 , 32 , 0 
db 0 , 0 , 48 , 48 , 0 , 0 
db 0 , 0 , 0 , 0 , 0 , 0 
;------ END SPRITE --------
;------ BEGIN SPRITE --------
db 6 ; ancho
db 18 ; alto
db 0 , 0 , 0 , 0 , 0 , 0 
db 0 , 0 , 0 , 0 , 0 , 0 
db 0 , 0 , 154 , 101 , 0 , 0 
db 0 , 0 , 48 , 138 , 0 , 0 
db 0 , 69 , 48 , 138 , 69 , 0 
db 0 , 154 , 48 , 138 , 16 , 0 
db 0 , 48 , 48 , 32 , 154 , 0 
db 0 , 48 , 229 , 48 , 48 , 0 
db 0 , 101 , 240 , 154 , 48 , 0 
db 0 , 112 , 240 , 229 , 48 , 0 
db 0 , 112 , 160 , 240 , 48 , 0 
db 0 , 112 , 90 , 240 , 48 , 0 
db 0 , 112 , 88 , 240 , 48 , 0 
db 0 , 101 , 12 , 240 , 101 , 0 
db 0 , 154 , 218 , 69 , 138 , 0 
db 0 , 69 , 48 , 101 , 0 , 0 
db 0 , 0 , 48 , 48 , 0 , 0 
db 0 , 0 , 0 , 0 , 0 , 0 
;------ END SPRITE --------
;------ BEGIN SPRITE --------
db 6 ; ancho
db 18 ; alto
db 0 , 0 , 0 , 0 , 0 , 0 
db 0 , 0 , 0 , 0 , 0 , 0 
db 0 , 0 , 154 , 101 , 0 , 0 
db 0 , 0 , 69 , 48 , 0 , 0 
db 0 , 138 , 69 , 48 , 138 , 0 
db 0 , 32 , 69 , 48 , 101 , 0 
db 0 , 101 , 16 , 48 , 48 , 0 
db 0 , 48 , 48 , 218 , 48 , 0 
db 0 , 48 , 101 , 240 , 154 , 0 
db 0 , 48 , 218 , 240 , 176 , 0 
db 0 , 48 , 240 , 80 , 176 , 0 
db 0 , 48 , 240 , 165 , 176 , 0 
db 0 , 48 , 240 , 164 , 176 , 0 
db 0 , 154 , 240 , 12 , 154 , 0 
db 0 , 69 , 32 , 229 , 101 , 0 
db 0 , 0 , 48 , 48 , 138 , 0 
db 0 , 0 , 48 , 48 , 0 , 0 
db 0 , 0 , 0 , 0 , 0 , 0 
;------ END SPRITE --------
;------ BEGIN SPRITE --------
db 6 ; ancho
db 18 ; alto
db 0 , 0 , 0 , 0 , 0 , 0 
db 0 , 0 , 0 , 0 , 0 , 0 
db 0 , 0 , 48 , 48 , 0 , 0 
db 0 , 0 , 48 , 48 , 138 , 0 
db 0 , 69 , 32 , 229 , 101 , 0 
db 0 , 154 , 240 , 12 , 154 , 0 
db 0 , 48 , 240 , 164 , 176 , 0 
db 0 , 48 , 240 , 165 , 176 , 0 
db 0 , 48 , 240 , 80 , 176 , 0 
db 0 , 48 , 218 , 240 , 176 , 0 
db 0 , 48 , 101 , 240 , 154 , 0 
db 0 , 48 , 48 , 218 , 48 , 0 
db 0 , 101 , 16 , 48 , 48 , 0 
db 0 , 32 , 69 , 48 , 101 , 0 
db 0 , 138 , 69 , 48 , 138 , 0 
db 0 , 0 , 69 , 48 , 0 , 0 
db 0 , 0 , 154 , 101 , 0 , 0 
db 0 , 0 , 0 , 0 , 0 , 0 
;------ END SPRITE --------
;------ BEGIN SPRITE --------
db 6 ; ancho
db 18 ; alto
db 0 , 0 , 0 , 0 , 0 , 0 
db 0 , 0 , 0 , 0 , 0 , 0 
db 0 , 0 , 48 , 48 , 0 , 0 
db 0 , 69 , 48 , 48 , 0 , 0 
db 0 , 154 , 218 , 16 , 138 , 0 
db 0 , 101 , 12 , 240 , 101 , 0 
db 0 , 112 , 88 , 240 , 48 , 0 
db 0 , 112 , 90 , 240 , 48 , 0 
db 0 , 112 , 160 , 240 , 48 , 0 
db 0 , 112 , 240 , 229 , 48 , 0 
db 0 , 101 , 240 , 154 , 48 , 0 
db 0 , 48 , 229 , 48 , 48 , 0 
db 0 , 48 , 48 , 32 , 154 , 0 
db 0 , 154 , 48 , 138 , 16 , 0 
db 0 , 69 , 48 , 138 , 69 , 0 
db 0 , 0 , 48 , 138 , 0 , 0 
db 0 , 0 , 154 , 101 , 0 , 0 
db 0 , 0 , 0 , 0 , 0 , 0 
;------ END SPRITE --------
;------ BEGIN SPRITE --------
db 6 ; ancho
db 18 ; alto
db 0 , 0 , 0 , 0 , 0 , 0 
db 0 , 0 , 0 , 0 , 0 , 0 
db 0 , 69 , 48 , 48 , 0 , 0 
db 0 , 16 , 48 , 48 , 138 , 0 
db 0 , 154 , 32 , 229 , 101 , 0 
db 0 , 154 , 240 , 12 , 154 , 0 
db 0 , 48 , 240 , 164 , 176 , 0 
db 0 , 48 , 240 , 165 , 176 , 0 
db 0 , 48 , 240 , 80 , 176 , 0 
db 0 , 48 , 218 , 240 , 176 , 0 
db 0 , 48 , 101 , 240 , 154 , 0 
db 0 , 48 , 48 , 218 , 48 , 0 
db 0 , 101 , 16 , 48 , 48 , 0 
db 0 , 32 , 0 , 48 , 101 , 0 
db 0 , 0 , 69 , 48 , 138 , 0 
db 0 , 0 , 69 , 48 , 0 , 0 
db 0 , 0 , 0 , 0 , 0 , 0 
db 0 , 0 , 0 , 0 , 0 , 0 
;------ END SPRITE --------
;------ BEGIN SPRITE --------
db 6 ; ancho
db 18 ; alto
db 0 , 0 , 0 , 0 , 0 , 0 
db 0 , 0 , 0 , 0 , 0 , 0 
db 0 , 0 , 48 , 48 , 138 , 0 
db 0 , 69 , 48 , 48 , 32 , 0 
db 0 , 154 , 218 , 16 , 101 , 0 
db 0 , 101 , 12 , 240 , 101 , 0 
db 0 , 112 , 88 , 240 , 48 , 0 
db 0 , 112 , 90 , 240 , 48 , 0 
db 0 , 112 , 160 , 240 , 48 , 0 
db 0 , 112 , 240 , 229 , 48 , 0 
db 0 , 101 , 240 , 154 , 48 , 0 
db 0 , 48 , 229 , 48 , 48 , 0 
db 0 , 48 , 48 , 32 , 154 , 0 
db 0 , 154 , 48 , 0 , 16 , 0 
db 0 , 69 , 48 , 138 , 0 , 0 
db 0 , 0 , 48 , 32 , 0 , 0 
db 0 , 0 , 0 , 0 , 0 , 0 
db 0 , 0 , 0 , 0 , 0 , 0 
;------ END SPRITE --------
;------ BEGIN SPRITE --------
db 6 ; ancho
db 18 ; alto
db 0 , 0 , 0 , 0 , 0 , 0 
db 0 , 0 , 0 , 0 , 0 , 0 
db 0 , 0 , 48 , 48 , 138 , 0 
db 0 , 69 , 48 , 48 , 32 , 0 
db 0 , 154 , 218 , 16 , 101 , 0 
db 0 , 101 , 12 , 240 , 101 , 0 
db 0 , 112 , 88 , 240 , 48 , 0 
db 0 , 112 , 90 , 240 , 48 , 0 
db 0 , 112 , 160 , 240 , 48 , 0 
db 0 , 112 , 240 , 229 , 48 , 0 
db 0 , 101 , 240 , 154 , 48 , 0 
db 0 , 48 , 229 , 48 , 48 , 0 
db 0 , 48 , 48 , 32 , 154 , 0 
db 0 , 154 , 48 , 0 , 16 , 0 
db 0 , 69 , 48 , 138 , 0 , 0 
db 0 , 0 , 48 , 32 , 0 , 0 
db 0 , 0 , 0 , 0 , 0 , 0 
db 0 , 0 , 0 , 0 , 0 , 0 
;------ END SPRITE --------
;------ BEGIN SPRITE --------
db 6 ; ancho
db 18 ; alto
db 0 , 0 , 0 , 0 , 0 , 0 
db 0 , 0 , 0 , 0 , 0 , 0 
db 0 , 0 , 154 , 101 , 0 , 0 
db 0 , 69 , 207 , 48 , 138 , 0 
db 0 , 207 , 240 , 154 , 101 , 0 
db 0 , 112 , 164 , 176 , 48 , 0 
db 0 , 112 , 88 , 176 , 48 , 0 
db 0 , 112 , 10 , 176 , 0 , 0 
db 0 , 112 , 240 , 176 , 0 , 0 
db 0 , 112 , 240 , 176 , 0 , 0 
db 0 , 112 , 240 , 176 , 48 , 0 
db 0 , 112 , 240 , 176 , 48 , 0 
db 0 , 101 , 240 , 154 , 48 , 0 
db 0 , 154 , 229 , 48 , 101 , 0 
db 0 , 69 , 48 , 48 , 138 , 0 
db 0 , 0 , 154 , 101 , 0 , 0 
db 0 , 0 , 0 , 0 , 0 , 0 
db 0 , 0 , 0 , 0 , 0 , 0 
;------ END SPRITE --------
;------ BEGIN SPRITE --------
db 6 ; ancho
db 18 ; alto
db 0 , 0 , 0 , 0 , 0 , 0 
db 0 , 0 , 0 , 0 , 0 , 0 
db 0 , 0 , 154 , 101 , 0 , 0 
db 0 , 69 , 48 , 207 , 138 , 0 
db 0 , 154 , 101 , 240 , 207 , 0 
db 0 , 48 , 112 , 88 , 176 , 0 
db 0 , 48 , 112 , 164 , 176 , 0 
db 0 , 0 , 112 , 5 , 176 , 0 
db 0 , 0 , 112 , 240 , 176 , 0 
db 0 , 0 , 112 , 240 , 176 , 0 
db 0 , 48 , 112 , 240 , 176 , 0 
db 0 , 48 , 112 , 240 , 176 , 0 
db 0 , 48 , 101 , 240 , 154 , 0 
db 0 , 154 , 48 , 218 , 101 , 0 
db 0 , 69 , 48 , 48 , 138 , 0 
db 0 , 0 , 154 , 101 , 0 , 0 
db 0 , 0 , 0 , 0 , 0 , 0 
db 0 , 0 , 0 , 0 , 0 , 0 
;------ END SPRITE --------
;------ BEGIN SPRITE --------
db 6 ; ancho
db 18 ; alto
db 0 , 0 , 0 , 0 , 0 , 0 
db 0 , 0 , 0 , 0 , 0 , 0 
db 0 , 0 , 48 , 48 , 0 , 0 
db 0 , 16 , 218 , 69 , 32 , 0 
db 0 , 101 , 12 , 240 , 154 , 0 
db 0 , 112 , 88 , 240 , 176 , 0 
db 0 , 112 , 90 , 240 , 176 , 0 
db 0 , 112 , 160 , 240 , 176 , 0 
db 0 , 112 , 240 , 240 , 176 , 0 
db 0 , 101 , 240 , 240 , 154 , 0 
db 0 , 48 , 218 , 229 , 48 , 0 
db 0 , 48 , 48 , 48 , 48 , 0 
db 0 , 48 , 154 , 101 , 48 , 0 
db 0 , 154 , 32 , 16 , 101 , 0 
db 0 , 69 , 32 , 16 , 138 , 0 
db 0 , 0 , 138 , 69 , 0 , 0 
db 0 , 0 , 0 , 0 , 0 , 0 
db 0 , 0 , 0 , 0 , 0 , 0 
;------ END SPRITE --------
;------ BEGIN SPRITE --------
db 6 ; ancho
db 18 ; alto
db 0 , 0 , 0 , 0 , 0 , 0 
db 0 , 0 , 0 , 0 , 0 , 0 
db 0 , 0 , 138 , 69 , 0 , 0 
db 0 , 69 , 32 , 16 , 138 , 0 
db 0 , 154 , 32 , 16 , 101 , 0 
db 0 , 48 , 154 , 101 , 48 , 0 
db 0 , 48 , 48 , 48 , 48 , 0 
db 0 , 48 , 218 , 229 , 48 , 0 
db 0 , 101 , 240 , 240 , 154 , 0 
db 0 , 112 , 240 , 240 , 176 , 0 
db 0 , 112 , 160 , 240 , 176 , 0 
db 0 , 112 , 90 , 240 , 176 , 0 
db 0 , 112 , 88 , 240 , 176 , 0 
db 0 , 101 , 12 , 240 , 154 , 0 
db 0 , 16 , 218 , 69 , 32 , 0 
db 0 , 0 , 48 , 48 , 0 , 0 
db 0 , 0 , 0 , 0 , 0 , 0 
db 0 , 0 , 0 , 0 , 0 , 0 
;------ END SPRITE --------
