;------ BEGIN SPRITE --------
db 2 ; ancho
db 8 ; alto
db 132 , 0 
db 202 , 8 
db 205 , 132 
db 68 , 202 
db 68 , 202 
db 205 , 132 
db 202 , 8 
db 132 , 0 
;------ END SPRITE --------
;------ BEGIN SPRITE --------
db 2 ; ancho
db 8 ; alto
db 0 , 0 
db 0 , 0 
db 0 , 0 
db 0 , 0 
db 0 , 0 
db 0 , 0 
db 0 , 0 
db 0 , 0 
;------ END SPRITE --------
;------ BEGIN SPRITE --------
db 4 ; ancho
db 2 ; alto
db 0 , 0 , 14 , 24 
db 0 , 0 , 14 , 12 
;------ END SPRITE --------
;------ BEGIN SPRITE --------
db 8 ; ancho
db 18 ; alto
db 0 , 0 , 0 , 0 , 0 , 0 , 0 , 0 
db 0 , 0 , 0 , 0 , 0 , 0 , 0 , 0 
db 0 , 0 , 1 , 32 , 0 , 16 , 2 , 0 
db 0 , 0 , 1 , 18 , 0 , 33 , 3 , 0 
db 0 , 0 , 0 , 18 , 16 , 3 , 41 , 0 
db 0 , 1 , 2 , 1 , 16 , 22 , 3 , 0 
db 0 , 3 , 3 , 1 , 3 , 3 , 40 , 0 
db 0 , 1 , 33 , 40 , 33 , 22 , 2 , 0 
db 69 , 139 , 3 , 3 , 3 , 3 , 0 , 0 
db 237 , 207 , 3 , 3 , 22 , 22 , 0 , 0 
db 207 , 207 , 2 , 3 , 3 , 41 , 41 , 0 
db 207 , 65 , 0 , 1 , 3 , 3 , 3 , 0 
db 138 , 130 , 0 , 0 , 3 , 1 , 2 , 0 
db 138 , 0 , 0 , 0 , 69 , 69 , 0 , 0 
db 0 , 0 , 0 , 0 , 0 , 138 , 207 , 0 
db 0 , 0 , 0 , 0 , 0 , 138 , 69 , 0 
db 0 , 0 , 0 , 0 , 0 , 0 , 0 , 0 
db 0 , 0 , 0 , 0 , 0 , 0 , 0 , 0 
;------ END SPRITE --------
;------ BEGIN SPRITE --------
db 8 ; ancho
db 18 ; alto
db 0 , 0 , 0 , 0 , 0 , 0 , 0 , 0 
db 0 , 0 , 0 , 0 , 0 , 0 , 0 , 0 
db 0 , 0 , 0 , 0 , 0 , 0 , 0 , 0 
db 0 , 0 , 0 , 0 , 0 , 0 , 0 , 0 
db 0 , 0 , 0 , 0 , 0 , 0 , 0 , 0 
db 0 , 1 , 2 , 0 , 1 , 3 , 0 , 0 
db 0 , 3 , 3 , 1 , 3 , 3 , 2 , 0 
db 0 , 1 , 33 , 41 , 33 , 3 , 3 , 0 
db 69 , 139 , 3 , 18 , 3 , 3 , 2 , 0 
db 237 , 207 , 3 , 18 , 3 , 3 , 0 , 0 
db 207 , 207 , 2 , 3 , 3 , 3 , 2 , 0 
db 207 , 65 , 0 , 1 , 33 , 3 , 1 , 0 
db 138 , 130 , 0 , 0 , 18 , 2 , 2 , 0 
db 138 , 0 , 0 , 0 , 16 , 3 , 1 , 0 
db 0 , 0 , 0 , 0 , 0 , 33 , 2 , 0 
db 0 , 0 , 0 , 0 , 0 , 16 , 3 , 0 
db 0 , 0 , 0 , 0 , 0 , 0 , 33 , 0 
db 0 , 0 , 0 , 0 , 0 , 0 , 0 , 0 
;------ END SPRITE --------
;------ BEGIN SPRITE --------
db 8 ; ancho
db 18 ; alto
db 0 , 0 , 0 , 0 , 0 , 0 , 0 , 0 
db 0 , 0 , 0 , 0 , 0 , 0 , 1 , 0 
db 0 , 1 , 2 , 0 , 0 , 0 , 3 , 0 
db 0 , 3 , 3 , 0 , 1 , 0 , 3 , 0 
db 0 , 1 , 33 , 41 , 33 , 3 , 3 , 0 
db 69 , 139 , 3 , 18 , 3 , 3 , 2 , 0 
db 237 , 207 , 3 , 18 , 3 , 3 , 0 , 0 
db 207 , 207 , 2 , 18 , 3 , 22 , 0 , 0 
db 207 , 65 , 0 , 16 , 3 , 2 , 0 , 0 
db 138 , 130 , 0 , 16 , 3 , 3 , 0 , 0 
db 138 , 0 , 0 , 0 , 3 , 2 , 0 , 0 
db 0 , 0 , 0 , 0 , 33 , 3 , 0 , 0 
db 0 , 0 , 0 , 0 , 33 , 2 , 0 , 0 
db 0 , 0 , 0 , 0 , 33 , 3 , 0 , 0 
db 0 , 0 , 0 , 0 , 16 , 3 , 2 , 0 
db 0 , 0 , 0 , 0 , 16 , 3 , 0 , 0 
db 0 , 0 , 0 , 0 , 0 , 0 , 0 , 0 
db 0 , 0 , 0 , 0 , 0 , 0 , 0 , 0 
;------ END SPRITE --------
;------ BEGIN SPRITE --------
db 8 ; ancho
db 18 ; alto
db 0 , 0 , 0 , 0 , 0 , 0 , 0 , 0 
db 0 , 0 , 0 , 0 , 0 , 0 , 0 , 0 
db 0 , 1 , 2 , 0 , 0 , 0 , 0 , 0 
db 0 , 3 , 3 , 0 , 0 , 0 , 0 , 0 
db 0 , 1 , 33 , 41 , 3 , 0 , 0 , 0 
db 69 , 139 , 3 , 3 , 3 , 2 , 0 , 0 
db 237 , 207 , 3 , 3 , 3 , 3 , 0 , 0 
db 207 , 207 , 2 , 3 , 3 , 3 , 2 , 0 
db 207 , 65 , 0 , 1 , 3 , 3 , 3 , 0 
db 138 , 130 , 0 , 1 , 3 , 3 , 1 , 0 
db 138 , 0 , 0 , 0 , 3 , 2 , 0 , 0 
db 0 , 0 , 0 , 0 , 3 , 3 , 0 , 0 
db 0 , 0 , 0 , 0 , 3 , 2 , 0 , 0 
db 0 , 0 , 0 , 0 , 3 , 3 , 0 , 0 
db 0 , 0 , 0 , 0 , 1 , 3 , 2 , 0 
db 0 , 0 , 0 , 0 , 1 , 3 , 0 , 0 
db 0 , 0 , 0 , 0 , 0 , 0 , 0 , 0 
db 0 , 0 , 0 , 0 , 0 , 0 , 0 , 0 
;------ END SPRITE --------
,;------ BEGIN SPRITE --------
db 4 ; ancho
db 16 ; alto
db 0 , 0 , 0 , 0 
db 0 , 0 , 0 , 0 
db 0 , 0 , 0 , 0 
db 0 , 0 , 0 , 0 
db 0 , 16 , 32 , 0 
db 0 , 16 , 32 , 0 
db 0 , 16 , 32 , 0 
db 0 , 0 , 0 , 0 
db 0 , 0 , 0 , 0 
db 0 , 0 , 0 , 0 
db 0 , 0 , 0 , 0 
db 0 , 0 , 0 , 0 
db 0 , 0 , 0 , 0 
db 0 , 0 , 0 , 0 
db 0 , 0 , 0 , 0 
db 0 , 0 , 0 , 0 
;------ END SPRITE --------
;------ BEGIN SPRITE --------
db 4 ; ancho
db 8 ; alto
db 3 , 3 , 3 , 83 
db 1 , 3 , 3 , 243 
db 0 , 3 , 83 , 243 
db 0 , 1 , 243 , 243 
db 0 , 0 , 211 , 243 
db 0 , 195 , 195 , 243 
db 65 , 195 , 195 , 211 
db 195 , 195 , 195 , 195 
;------ END SPRITE --------
;------ BEGIN SPRITE --------
db 30 ; ancho
db 8 ; alto
db 19 , 0 , 1 , 34 , 51 , 17 , 51 , 35 , 19 , 35 , 51 , 51 , 0 , 51 , 1 , 34 , 0 , 0 , 0 , 0 , 0 , 0 , 0 , 0 , 0 , 0 , 0 , 0 , 0 ,
 0 
db 19 , 34 , 1 , 34 , 19 , 0 , 34 , 19 , 1 , 34 , 19 , 1 , 34 , 51 , 1 , 34 , 0 , 0 , 0 , 0 , 0 , 0 , 0 , 0 , 0 , 0 , 0 , 0 , 0 , 0 
db 19 , 51 , 1 , 34 , 19 , 0 , 34 , 19 , 1 , 34 , 19 , 1 , 34 , 50 , 1 , 34 , 0 , 0 , 0 , 0 , 0 , 0 , 0 , 0 , 0 , 0 , 0 , 0 , 0 , 0 
db 18 , 48 , 51 , 32 , 18 , 0 , 50 , 32 , 1 , 34 , 18 , 48 , 0 , 100 , 1 , 32 , 0 , 0 , 0 , 0 , 0 , 0 , 0 , 0 , 0 , 0 , 0 , 0 , 0 ,
 0 
db 70 , 204 , 49 , 136 , 70 , 0 , 32 , 18 , 1 , 32 , 70 , 204 , 2 , 204 , 1 , 136 , 0 , 0 , 0 , 0 , 0 , 0 , 0 , 0 , 0 , 0 , 0 , 0 ,
 0 , 0 
db 70 , 68 , 152 , 136 , 70 , 0 , 136 , 70 , 1 , 136 , 70 , 1 , 136 , 204 , 1 , 136 , 0 , 0 , 0 , 0 , 0 , 0 , 0 , 0 , 0 , 0 , 0 , 0 
, 0 , 0 
db 70 , 0 , 204 , 136 , 70 , 0 , 136 , 70 , 1 , 136 , 70 , 1 , 136 , 204 , 1 , 136 , 0 , 0 , 0 , 0 , 0 , 0 , 0 , 0 , 0 , 0 , 0 , 0 ,
 0 , 0 
db 70 , 0 , 68 , 136 , 204 , 68 , 204 , 136 , 68 , 137 , 204 , 1 , 136 , 68 , 204 , 0 , 0 , 0 , 0 , 0 , 0 , 0 , 0 , 0 , 0 , 0 , 0 ,
 0 , 0 , 0 
;------ END SPRITE --------
;------ BEGIN SPRITE --------
db 4 ; ancho
db 8 ; alto
db 71 , 207 , 18 , 48 
db 33 , 207 , 139 , 178 
db 48 , 86 , 252 , 18 
db 48 , 33 , 252 , 169 
db 51 , 35 , 252 , 169 
db 51 , 70 , 204 , 19 
db 35 , 204 , 137 , 51 
db 70 , 204 , 3 , 3 
;------ END SPRITE --------
;------ BEGIN SPRITE --------
db 4 ; ancho
db 8 ; alto
db 164 , 12 , 229 , 229 
db 218 , 12 , 88 , 218 
db 229 , 165 , 15 , 229 
db 218 , 218 , 15 , 90 
db 244 , 248 , 60 , 120 
db 252 , 180 , 60 , 244 
db 248 , 60 , 120 , 252 
db 180 , 60 , 161 , 3 
;------ END SPRITE --------
' ------ BEGIN PALETA --------
INK  0 , 0 
INK  1 , 24 
INK  2 , 20 
INK  3 , 6 
INK  4 , 26 
INK  5 , 0 
INK  6 , 2 
INK  7 , 8 
INK  8 , 10 
INK  9 , 12 
INK  10 , 14 
INK  11 , 16 
INK  12 , 18 
INK  13 , 22 
INK  14 , 0 
INK  15 , 11 
' ------ END PALETA --------
' ------ BEGIN PALETA --------
INK  0 , 0 
INK  1 , 24 
INK  2 , 20 
INK  3 , 6 
INK  4 , 26 
INK  5 , 0 
INK  6 , 2 
INK  7 , 8 
INK  8 , 10 
INK  9 , 12 
INK  10 , 14 
INK  11 , 16 
INK  12 , 18 
INK  13 , 22 
INK  14 , 0 
INK  15 , 11 
' ------ END PALETA --------
' ------ BEGIN PALETA --------
INK  0 , 0 
INK  1 , 24 
INK  2 , 20 
INK  3 , 6 
INK  4 , 26 
INK  5 , 0 
INK  6 , 2 
INK  7 , 8 
INK  8 , 10 
INK  9 , 12 
INK  10 , 14 
INK  11 , 16 
INK  12 , 18 
INK  13 , 22 
INK  14 , 0 
INK  15 , 11 
' ------ END PALETA --------
;------ BEGIN SPRITE --------
db 16 ; ancho
db 8 ; alto
db 12 , 12 , 8 , 8 , 4 , 12 , 8 , 4 , 0 , 12 , 12 , 0 , 8 , 0 , 8 , 0 
db 8 , 0 , 8 , 8 , 4 , 0 , 8 , 4 , 0 , 8 , 4 , 0 , 8 , 0 , 8 , 0 
db 8 , 0 , 8 , 8 , 4 , 0 , 8 , 4 , 0 , 8 , 4 , 0 , 8 , 0 , 8 , 0 
db 8 , 0 , 8 , 8 , 4 , 12 , 12 , 4 , 0 , 12 , 12 , 8 , 8 , 0 , 8 , 0 
db 12 , 0 , 8 , 12 , 16 , 8 , 4 , 4 , 8 , 12 , 0 , 8 , 24 , 0 , 32 , 0 
db 48 , 0 , 32 , 36 , 16 , 32 , 16 , 16 , 32 , 48 , 0 , 32 , 48 , 0 , 32 , 0 
db 48 , 0 , 32 , 48 , 16 , 32 , 16 , 16 , 32 , 48 , 0 , 32 , 48 , 0 , 32 , 0 
db 48 , 0 , 32 , 48 , 16 , 48 , 48 , 16 , 32 , 48 , 0 , 32 , 48 , 48 , 32 , 0 
;------ END SPRITE --------
?